0 0
0.0707107 0.0707107
0.141421 0.141421
0.212132 0.212132
0.282843 0.282843
0.353553 0.353553
0.424264 0.424264
0.494975 0.494975
0.565685 0.565685
0.636396 0.636396
0.707107 0.707107
0.777817 0.777817
0.848528 0.848528
0.919239 0.919239
0.989949 0.989949
1.08957 0.998665
1.18943 0.993431
1.28942 0.995177
1.3894 0.996922
1.48939 0.998667
1.58925 0.993434
1.68923 0.995179
1.78922 0.996924
1.8892 0.998669
1.98907 0.993436
2.00471 1.0922
2.00646 1.19219
2.00122 1.29205
2.00297 1.39204
2.00471 1.49202
2.00646 1.59201
2.00122 1.69187
2.00297 1.79185
2.00471 1.89184
2.00646 1.99182
2.00123 2.09169
2.00297 2.19167
2.00472 2.29166
2.00646 2.39164
2.00123 2.4915
2.00297 2.59149
2.00472 2.69147
2.00646 2.79146
2.00123 2.89132
2.00298 2.99131
2.00472 3.09129
2.00647 3.19128
2.00123 3.29114
2.00298 3.39112
2.00472 3.49111
2.00647 3.59109
2.00123 3.69096
2.00298 3.79094
2.00472 3.89093
2.00647 3.99091
2.00124 4.09077
2.00298 4.19076
2.00473 4.29074
2.00647 4.39073
2.00124 4.49059
2.00298 4.59058
2.00473 4.69056
2.00647 4.79054
2.00124 4.89041
2.00299 4.99039
1.90373 5.00258
1.80375 5.00083
1.70388 5.00607
1.6039 5.00432
1.50391 5.00258
1.40393 5.00083
1.30407 5.00607
1.20408 5.00432
1.1041 5.00258
1.00411 5.00083
0.995396 4.90121
0.993651 4.80123
0.998885 4.70136
0.99714 4.60138
0.995394 4.50139
0.993649 4.40141
0.998883 4.30155
0.997137 4.20156
0.995392 4.10158
0.993647 4.00159
0.998881 3.90173
0.997135 3.80174
0.99539 3.70176
0.993645 3.60177
0.998878 3.50191
0.997133 3.40193
0.995388 3.30194
0.993643 3.20196
0.998876 3.10209
0.997131 3.00211
0.995386 2.90212
0.993641 2.80214
0.998874 2.70228
0.997129 2.60229
0.995384 2.50231
0.993638 2.40232
0.998872 2.30246
0.997127 2.20247
0.995382 2.10249
0.993636 2.0025
0.99887 1.90264
0.997125 1.80266
0.995379 1.70267
0.993634 1.60269
0.998868 1.50282
0.997123 1.40284
0.995377 1.30286
0.993632 1.20287
0.998866 1.10301
0.99712 1.00302
1.09698 0.997789
1.19697 0.999534
1.29683 0.994301
1.39682 0.996046
1.4968 0.997791
1.59679 0.999536
1.69665 0.994303
1.79663 0.996048
1.89662 0.997793
1.9966 0.999538
2.00532 1.09916
2.00008 1.19902
2.00183 1.29901
2.00358 1.39899
2.00532 1.49898
2.00009 1.59884
2.00183 1.69882
2.00358 1.79881
2.00532 1.89879
2.00009 1.99866
2.00183 2.09864
2.00358 2.19862
2.00532 2.29861
2.00009 2.39847
2.00184 2.49846
2.00358 2.59844
2.00533 2.69843
2.00009 2.79829
2.00184 2.89827
2.00358 2.99826
2.00533 3.09824
2.0001 3.19811
2.00184 3.29809
2.00359 3.39808
2.00533 3.49806
2.0001 3.59792
2.00184 3.69791
2.00359 3.79789
2.00533 3.89788
2.0001 3.99774
2.00184 4.09773
2.00359 4.19771
2.00534 4.2977
2.0001 4.39756
2.00185 4.49754
2.00359 4.59753
2.00534 4.69751
2.0001 4.79738
2.00185 4.89736
2.08615 4.95115
2.17046 5.00493
2.25476 5.05871
2.33907 5.1125
2.42337 5.16628
2.50768 5.22007
2.59198 5.27385
2.67628 5.32764
2.76059 5.38142
2.84489 5.4352
2.9292 5.48899
2.9968 5.4153
2.99425 5.31534
2.99868 5.21544
2.99612 5.11547
2.99357 5.0155
2.998 4.9156
2.99544 4.81563
2.99987 4.71573
2.99732 4.61576
2.99476 4.51579
2.99919 4.41589
2.99664 4.31592
2.99408 4.21596
2.99851 4.11606
2.99596 4.01609
3.09396 3.99621
3.19396 3.99715
3.29395 3.99809
3.39395 3.99903
3.49395 3.99996
3.59376 3.99392
3.69376 3.99486
3.79375 3.9958
3.89375 3.99673
3.99375 3.99767
4.00327 4.09722
4.00582 4.19718
4.00139 4.29709
4.00395 4.39705
4.0065 4.49702
4.00207 4.59692
4.00463 4.69689
4.0002 4.79679
4.00275 4.89676
4.00531 4.99673
4.00088 5.09663
4.00343 5.1966
4.00599 5.29656
4.00156 5.39647
4.00411 5.49643
4.00667 5.5964
4.00224 5.6963
4.00479 5.79627
4.00037 5.89617
4.00292 5.99614
4.00547 6.09611
4.00105 6.19601
4.0036 6.29598
4.00615 6.39594
4.00173 6.49585
4.00428 6.59581
4.00683 6.69578
4.00241 6.79568
4.00496 6.89565
4.00053 6.99555
4.00309 7.09552
4.00564 7.19549
4.00121 7.29539
4.00377 7.39536
4.00632 7.49532
4.00189 7.59523
4.00445 7.69519
4.00002 7.79509
4.00257 7.89506
4.00513 7.99503
4.0007 8.09493
4.00325 8.1949
4.00581 8.29487
4.00138 8.39477
4.00393 8.49474
4.00649 8.5947
4.00206 8.69461
4.00461 8.79457
4.00019 8.89447
4.00274 8.99444
4.00529 9.09441
4.00087 9.19431
4.00342 9.29428
4.00597 9.39425
4.00155 9.49415
4.0041 9.59412
4.00665 9.69408
4.00223 9.79399
4.00478 9.89395
4.00035 9.99385
4.00291 10.0938
4.00546 10.1938
4.00103 10.2937
4.00359 10.3937
4.00614 10.4936
4.00171 10.5935
4.00427 10.6935
4.00682 10.7935
4.00239 10.8934
4.00495 10.9933
4.00052 11.0932
4.00307 11.1932
4.00563 11.2932
4.0012 11.3931
4.00376 11.493
4.00631 11.593
4.00188 11.6929
4.00444 11.7929
4.00001 11.8928
4.00256 11.9927
4.10256 11.9937
4.20255 11.9946
4.30255 11.9956
4.40254 11.9965
4.50254 11.9974
4.60254 11.9984
4.70253 11.9993
4.80235 11.9933
4.90234 11.9942
5.00234 11.9951
5.10234 11.9961
5.20233 11.997
5.30233 11.9979
5.40232 11.9989
5.50232 11.9998
5.60214 11.9938
5.70213 11.9947
5.80213 11.9957
5.90212 11.9966
6.00212 11.9975
6.10211 11.9985
6.20211 11.9994
6.30193 11.9934
6.40192 11.9943
6.50192 11.9952
6.60191 11.9962
6.70191 11.9971
6.8019 11.9981
6.9019 11.999
7.0019 11.9999
7.10171 11.9939
7.20171 11.9948
7.3017 11.9958
7.4017 11.9967
7.5017 11.9976
7.60169 11.9986
7.70169 11.9995
7.8015 11.9935
7.9015 11.9944
8.0015 11.9953
8.10149 11.9963
8.20149 11.9972
8.30148 11.9982
8.40148 11.9991
8.5013 11.9931
8.60129 11.994
8.70129 11.9949
8.80128 11.9959
8.90128 11.9968
9.00127 11.9977
9.10127 11.9987
9.20126 11.9996
9.30108 11.9936
9.40108 11.9945
9.50107 11.9954
9.60107 11.9964
9.70106 11.9973
9.80106 11.9983
9.90106 11.9992
10.0009 11.9932
10.1009 11.9941
10.2009 11.995
10.3009 11.996
10.4009 11.9969
10.5009 11.9978
10.6008 11.9988
10.7008 11.9997
10.8007 11.9937
10.9007 11.9946
11.0007 11.9955
11.1006 11.9965
11.2006 11.9974
11.3006 11.9984
11.4006 11.9993
11.5005 11.9933
11.6004 11.9942
11.7004 11.9951
11.8004 11.9961
11.9004 11.997
11.9996 11.984
11.997 11.884
11.9945 11.7841
11.9989 11.6842
11.9964 11.5842
11.9938 11.4842
11.9982 11.3843
11.9957 11.2844
11.9931 11.1844
11.9975 11.0845
11.995 10.9845
11.9994 10.8846
11.9969 10.7847
11.9943 10.6847
11.9987 10.5848
11.9962 10.4848
11.9936 10.3849
11.9981 10.285
11.9955 10.185
11.9999 10.0851
11.9974 9.98512
11.9948 9.88516
11.9993 9.78525
11.9967 9.68529
11.9941 9.58532
11.9986 9.48542
11.996 9.38545
11.9935 9.28548
11.9979 9.18558
11.9953 9.08561
11.9998 8.98571
11.9972 8.88574
11.9947 8.78578
11.9991 8.68587
11.9965 8.58591
11.994 8.48594
11.9984 8.38604
11.9959 8.28607
11.9933 8.1861
11.9977 8.0862
11.9952 7.98623
11.9996 7.88633
11.997 7.78636
11.9945 7.6864
11.9989 7.5865
11.9964 7.48653
11.9938 7.38656
11.9982 7.28666
11.9957 7.18669
11.9931 7.08672
11.9976 6.98682
11.995 6.88685
11.9994 6.78695
11.9969 6.68698
11.9943 6.58702
11.9988 6.48712
11.9962 6.38715
11.9936 6.28718
11.9981 6.18728
11.9955 6.08731
11.9463 6.00024
11.8465 6.00628
11.7465 6.00535
11.6465 6.00441
11.5465 6.00347
11.4465 6.00254
11.3465 6.0016
11.2465 6.00066
11.1467 6.0067
11.0467 6.00576
10.9467 6.00483
10.8467 6.00389
10.7467 6.00295
10.6467 6.00202
10.5467 6.00108
10.4468 6.00014
10.3469 6.00618
10.2469 6.00525
10.1469 6.00431
10.0469 6.00337
9.94695 6.00243
9.84696 6.0015
9.74696 6.00056
9.64714 6.0066
9.54715 6.00566
9.44715 6.00473
9.34716 6.00379
9.24716 6.00285
9.14717 6.00191
9.04717 6.00098
8.94718 6.00004
8.84736 6.00608
8.74736 6.00514
8.64737 6.00421
8.54737 6.00327
8.44738 6.00233
8.34738 6.00139
8.24738 6.00046
8.14757 6.0065
8.04757 6.00556
7.94758 6.00462
7.84758 6.00369
7.74758 6.00275
7.64759 6.00181
7.54759 6.00088
7.44778 6.00692
7.34778 6.00598
7.24778 6.00504
7.14779 6.0041
7.04779 6.00317
6.9478 6.00223
6.8478 6.00129
6.74781 6.00036
6.64799 6.0064
6.54799 6.00546
6.448 6.00452
6.348 6.00358
6.24801 6.00265
6.14801 6.00171
6.04802 6.00077
5.99883 5.91371
5.99628 5.81374
5.99372 5.71377
5.99815 5.61387
5.9956 5.5139
5.99304 5.41393
5.99747 5.31403
5.99492 5.21407
5.99934 5.11416
5.99679 5.0142
6.09479 4.99432
6.19479 4.99526
6.29479 4.9962
6.39478 4.99713
6.49478 4.99807
6.59477 4.99901
6.69477 4.99994
6.79459 4.9939
6.89458 4.99484
6.99458 4.99578
7.09457 4.99672
7.19457 4.99765
7.29456 4.99859
7.39456 4.99953
7.49438 4.99349
7.59437 4.99442
7.69437 4.99536
7.79436 4.9963
7.89436 4.99724
7.99435 4.99817
8.09435 4.99911
8.19417 4.99307
8.29416 4.99401
8.39416 4.99494
8.49415 4.99588
8.59415 4.99682
8.69415 4.99775
8.79414 4.99869
8.89414 4.99963
8.99395 4.99359
9.09395 4.99453
9.19395 4.99546
9.29394 4.9964
9.39394 4.99734
9.49393 4.99827
9.59393 4.99921
9.69375 4.99317
9.79374 4.99411
9.89374 4.99505
9.99373 4.99598
10.0937 4.99692
10.1937 4.99786
10.2937 4.99879
10.3937 4.99973
10.4935 4.99369
10.5935 4.99463
10.6935 4.99556
10.7935 4.9965
10.8935 4.99744
10.9935 4.99838
11.0935 4.99931
11.1933 4.99327
11.2933 4.99421
11.3933 4.99515
11.4933 4.99608
11.5933 4.99702
11.6933 4.99796
11.7933 4.9989
11.8933 4.99983
11.9931 4.99379
12.0931 4.99473
12.1931 4.99567
12.2931 4.9966
12.3931 4.99754
12.4931 4.99848
12.5931 4.99942
12.6929 4.99338
12.7929 4.99431
12.8929 4.99525
12.9929 4.99619
13.0024 5.09573
13.005 5.1957
13.0005 5.2956
13.0031 5.39557
13.0056 5.49554
13.0012 5.59544
13.0038 5.69541
13.0063 5.79537
13.0019 5.89528
13.0044 5.99524
13 6.09514
13.0026 6.19511
13.0051 6.29508
13.0007 6.39498
13.0033 6.49495
13.0058 6.59492
13.0014 6.69482
13.0039 6.79479
13.0065 6.89475
13.0021 6.99465
13.0046 7.09462
13.0002 7.19452
13.0027 7.29449
13.0053 7.39446
13.0009 7.49436
13.0034 7.59433
13.006 7.6943
13.0015 7.7942
13.0041 7.89417
13.0067 7.99413
13.0022 8.09403
13.0048 8.194
13.0004 8.2939
13.0029 8.39387
13.0055 8.49384
13.001 8.59374
13.0036 8.69371
13.0061 8.79368
13.0017 8.89358
13.0043 8.99355
13.0068 9.09351
13.0024 9.19341
13.0049 9.29338
13.0005 9.39328
13.0031 9.49325
13.0056 9.59322
13.0012 9.69312
13.0038 9.79309
13.0063 9.89306
13.0019 9.99296
13.0044 10.0929
13 10.1928
13.0026 10.2928
13.0051 10.3928
13.0007 10.4927
13.0032 10.5926
13.0058 10.6926
13.0014 10.7925
13.0039 10.8925
13.0065 10.9924
13.0021 11.0923
13.0046 11.1923
13.0002 11.2922
13.0027 11.3922
13.0053 11.4921
13.0009 11.592
13.0034 11.692
13.006 11.792
13.0015 11.8919
13.0041 11.9918
13.0066 12.0918
13.0022 12.1917
13.0048 12.2917
13.0003 12.3916
13.0029 12.4916
13.0055 12.5915
13.001 12.6914
13.0036 12.7914
13.0061 12.8914
13.0017 12.9913
12.9026 13.0042
12.8026 13.0033
12.7026 13.0024
12.6026 13.0014
12.5026 13.0005
12.4028 13.0065
12.3028 13.0056
12.2028 13.0047
12.1028 13.0037
12.0028 13.0028
11.9028 13.0019
11.8028 13.0009
11.703 13.007
11.603 13.006
11.503 13.0051
11.403 13.0041
11.303 13.0032
11.203 13.0023
11.103 13.0013
11.003 13.0004
10.9032 13.0064
10.8032 13.0055
10.7032 13.0046
10.6032 13.0036
10.5032 13.0027
10.4032 13.0018
10.3032 13.0008
10.2034 13.0069
10.1034 13.0059
10.0034 13.005
9.9034 13.004
9.8034 13.0031
9.7034 13.0022
9.60341 13.0012
9.50341 13.0003
9.4036 13.0063
9.3036 13.0054
9.20361 13.0045
9.10361 13.0035
9.00361 13.0026
8.90362 13.0017
8.80362 13.0007
8.70381 13.0068
8.60381 13.0058
8.50381 13.0049
8.40382 13.0039
8.30382 13.003
8.20383 13.0021
8.10383 13.0011
8.00384 13.0002
7.90402 13.0062
7.80402 13.0053
7.70403 13.0044
7.60403 13.0034
7.50404 13.0025
7.40404 13.0015
7.30404 13.0006
7.20423 13.0067
7.10423 13.0057
7.00424 13.0048
6.90424 13.0038
6.80425 13.0029
6.70425 13.002
6.60425 13.001
6.50426 13.0001
6.40444 13.0061
6.30445 13.0052
6.20445 13.0043
6.10445 13.0033
6.00446 13.0024
5.90446 13.0014
5.80447 13.0005
5.70465 13.0066
5.60465 13.0056
5.50466 13.0047
5.40466 13.0037
5.30467 13.0028
5.20467 13.0019
5.10468 13.0009
5.00486 13.007
4.90486 13.006
4.80487 13.0051
4.70487 13.0042
4.60488 13.0032
4.50488 13.0023
4.40489 13.0013
4.30489 13.0004
4.20507 13.0064
4.10508 13.0055
4.00508 13.0046
3.90509 13.0036
3.80509 13.0027
3.70509 13.0018
3.6051 13.0008
3.50528 13.0069
3.40529 13.0059
3.30529 13.005
3.20529 13.0041
3.1053 13.0031
3.0053 13.0022
2.99578 12.9026
2.99323 12.8027
2.99766 12.7028
2.9951 12.6028
2.99953 12.5029
2.99698 12.4029
2.99442 12.303
2.99885 12.2031
2.9963 12.1031
2.99374 12.0031
2.99817 11.9032
2.99562 11.8033
2.99306 11.7033
2.99749 11.6034
2.99494 11.5034
2.99936 11.4035
2.99681 11.3035
2.99426 11.2036
2.99868 11.1037
2.99613 11.0037
2.99358 10.9037
2.998 10.8038
2.99545 10.7039
2.99987 10.604
2.99732 10.504
2.99477 10.404
2.99919 10.3041
2.99664 10.2042
2.99409 10.1042
2.99851 10.0043
2.99596 9.90433
2.99341 9.80436
2.99783 9.70446
2.99528 9.6045
2.99971 9.50459
2.99715 9.40463
2.9946 9.30466
2.99903 9.20476
2.99647 9.10479
2.99392 9.00482
2.99835 8.90492
2.99579 8.80495
2.99324 8.70498
2.99767 8.60508
2.99511 8.50512
2.99954 8.40521
2.99699 8.30525
2.99443 8.20528
2.99886 8.10538
2.99631 8.00541
2.99375 7.90544
2.99818 7.80554
2.99563 7.70557
2.99307 7.60561
2.9975 7.5057
2.99495 7.40574
2.99937 7.30583
2.99682 7.20587
2.99427 7.1059
2.99869 7.006
2.99614 6.90603
2.99359 6.80606
2.99801 6.70616
2.99546 6.60619
2.99989 6.50629
2.99733 6.40632
2.99478 6.30636
2.99921 6.20645
2.99665 6.10649
2.9941 6.00652
2.99853 5.90662
2.99597 5.80665
2.99342 5.70668
2.99785 5.60678
2.99529 5.50681
2.99972 5.40691
2.99717 5.30694
2.99461 5.20698
2.99904 5.10707
2.99649 5.00711
2.99393 4.90714
2.99836 4.80724
2.99581 4.70727
2.99325 4.6073
2.99768 4.5074
2.99513 4.40743
2.99955 4.30753
2.997 4.20756
2.99445 4.1076
2.99887 4.00769
3.09803 3.99471
3.19802 3.99564
3.29802 3.99658
3.39801 3.99752
3.49801 3.99845
3.598 3.99939
3.69782 3.99335
3.79782 3.99429
3.89781 3.99523
3.99781 3.99616
4.00036 4.09613
4.00291 4.1961
4.00547 4.29606
4.00104 4.39597
4.00359 4.49593
4.00615 4.5959
4.00172 4.6958
4.00427 4.79577
4.00683 4.89574
4.0024 4.99564
4.00495 5.09561
4.00053 5.19551
4.00308 5.29548
4.00563 5.39544
4.00121 5.49535
4.00376 5.59531
4.00631 5.69528
4.00189 5.79518
4.00444 5.89515
4.00001 5.99505
4.00257 6.09502
4.00512 6.19499
4.00069 6.29489
4.00325 6.39486
4.0058 6.49482
4.00138 6.59473
4.00393 6.69469
4.00648 6.79466
4.00206 6.89456
4.00461 6.99453
4.00018 7.09443
4.00274 7.1944
4.00529 7.29437
4.00086 7.39427
4.00342 7.49424
4.00597 7.5942
4.00154 7.69411
4.0041 7.79407
4.00665 7.89404
4.00222 7.99394
4.00478 8.09391
4.00035 8.19381
4.0029 8.29378
4.00546 8.39375
4.00103 8.49365
4.00358 8.59362
4.00614 8.69358
4.00171 8.79349
4.00426 8.89345
4.00682 8.99342
4.00239 9.09332
4.00494 9.19329
4.00052 9.29319
4.00307 9.39316
4.00562 9.49313
4.0012 9.59303
4.00375 9.693
4.0063 9.79296
4.00188 9.89287
4.00443 9.99283
4 10.0927
4.00256 10.1927
4.00511 10.2927
4.00068 10.3926
4.00324 10.4925
4.00579 10.5925
4.00136 10.6924
4.00392 10.7924
4.00647 10.8923
4.00204 10.9922
4.0046 11.0922
4.00017 11.1921
4.00272 11.2921
4.00528 11.392
4.00085 11.492
4.0034 11.5919
4.00596 11.6919
4.00153 11.7918
4.00408 11.8918
4.00664 11.9917
4.10632 11.9996
4.20614 11.9936
4.30614 11.9945
4.40613 11.9955
4.50613 11.9964
4.60612 11.9973
4.70612 11.9983
4.80611 11.9992
4.90593 11.9932
5.00593 11.9941
5.10592 11.995
5.20592 11.996
5.30591 11.9969
5.40591 11.9979
5.50591 11.9988
5.6059 11.9997
5.70572 11.9937
5.80571 11.9946
5.90571 11.9956
6.00571 11.9965
6.1057 11.9974
6.2057 11.9984
6.30569 11.9993
6.40551 11.9933
6.50551 11.9942
6.6055 11.9952
6.7055 11.9961
6.80549 11.997
6.90549 11.998
7.00548 11.9989
7.10548 11.9998
7.2053 11.9938
7.30529 11.9947
7.40529 11.9957
7.50528 11.9966
7.60528 11.9975
7.70527 11.9985
7.80527 11.9994
7.90509 11.9934
8.00508 11.9943
8.10508 11.9953
8.20507 11.9962
8.30507 11.9971
8.40507 11.9981
8.50506 11.999
8.60506 11.9999
8.70487 11.9939
8.80487 11.9948
8.90487 11.9958
9.00486 11.9967
9.10486 11.9976
9.20485 11.9986
9.30485 11.9995
9.40466 11.9935
9.50466 11.9944
9.60466 11.9954
9.70465 11.9963
9.80465 11.9972
9.90464 11.9982
9.90941 11.8983
9.91418 11.7984
9.91894 11.6985
9.92371 11.5986
9.92848 11.4987
9.93324 11.3988
9.93801 11.299
9.94278 11.1991
9.94754 11.0992
9.95231 10.9993
9.95708 10.8994
9.96184 10.7995
9.96661 10.6996
9.97138 10.5998
9.97615 10.4999
9.98091 10.4
9.98568 10.3001
9.99045 10.2002
9.99521 10.1003
9.99998 10.0004
