0 0
0.1 0
0.2 0
0.3 0
0.4 0
0.5 0
0.6 0
0.7 0
0.8 0
0.9 0
1 0
1.1 0
1.2 0
1.3 0
1.4 0
1.5 0
1.6 0
1.7 0
1.8 0
1.9 0
2 0
2.1 0
2.2 0
2.3 0
2.4 0
2.5 0
2.6 0
2.7 0
2.8 0
2.9 0
3 0
3.1 0
3.2 0
3.3 0
3.4 0
3.5 0
3.6 0
3.7 0
3.8 0
3.9 0
3.99976 -0.00697565
3.99627 -0.106915
3.99976 -0.206854
3.99627 -0.306793
3.99976 -0.406732
3.99627 -0.506671
3.99976 -0.60661
3.99627 -0.706549
3.99976 -0.806488
3.99627 -0.906427
3.99976 -1.00637
3.99627 -1.10631
3.99976 -1.20624
3.99627 -1.30618
3.99976 -1.40612
3.99627 -1.50606
3.99976 -1.606
3.99627 -1.70594
3.99976 -1.80588
3.99627 -1.90582
3.99976 -2.00576
3.99627 -2.1057
3.99976 -2.20564
3.99627 -2.30557
3.99976 -2.40551
3.99627 -2.50545
3.99976 -2.60539
3.99627 -2.70533
3.99976 -2.80527
3.99627 -2.90521
3.99976 -3.00515
3.99627 -3.10509
3.99976 -3.20503
3.99627 -3.30497
3.99976 -3.4049
3.99627 -3.50484
3.99976 -3.60478
3.99627 -3.70472
3.99976 -3.80466
3.99627 -3.9046
3.99976 -4.00454
3.99627 -4.10448
3.99976 -4.20442
3.99627 -4.30436
3.99976 -4.4043
3.99627 -4.50423
3.99976 -4.60417
3.99627 -4.70411
3.99976 -4.80405
3.99627 -4.90399
3.96536 -4.9991
3.86536 -4.9991
3.76536 -4.9991
3.66536 -4.9991
3.56536 -4.9991
3.46536 -4.9991
3.36536 -4.9991
3.26536 -4.9991
3.16536 -4.9991
3.06536 -4.9991
2.96536 -4.9991
2.86536 -4.9991
2.76536 -4.9991
2.66536 -4.9991
2.56536 -4.9991
2.46536 -4.9991
2.36536 -4.9991
2.26536 -4.9991
2.16536 -4.9991
2.06536 -4.9991
1.96536 -4.9991
1.86536 -4.9991
1.76536 -4.9991
1.66536 -4.9991
1.56536 -4.9991
1.46536 -4.9991
1.36536 -4.9991
1.26536 -4.9991
1.16536 -4.9991
1.06536 -4.9991
0.965365 -4.9991
0.865365 -4.9991
0.765365 -4.9991
0.665365 -4.9991
0.565365 -4.9991
0.465365 -4.9991
0.365365 -4.9991
0.265365 -4.9991
0.165365 -4.9991
0.0653648 -4.9991
-0.0346352 -4.9991
-0.134635 -4.9991
-0.234635 -4.9991
-0.334635 -4.9991
-0.434635 -4.9991
-0.534635 -4.9991
-0.634635 -4.9991
-0.734635 -4.9991
-0.834635 -4.9991
-0.934635 -4.9991
-1.03464 -4.9991
-1.13464 -4.9991
-1.23464 -4.9991
-1.33464 -4.9991
-1.43464 -4.9991
-1.53464 -4.9991
-1.63464 -4.9991
-1.73464 -4.9991
-1.83464 -4.9991
-1.93464 -4.9991
-2.03464 -4.9991
-2.13464 -4.9991
-2.23464 -4.9991
-2.33464 -4.9991
-2.43464 -4.9991
-2.53464 -4.9991
-2.63464 -4.9991
-2.73464 -4.9991
-2.83464 -4.9991
-2.93464 -4.9991
-3.03464 -4.9991
-3.13464 -4.9991
-3.23464 -4.9991
-3.33464 -4.9991
-3.43464 -4.9991
-3.53464 -4.9991
-3.63464 -4.9991
-3.73464 -4.9991
-3.83464 -4.9991
-3.93464 -4.9991
-4.03464 -4.9991
-4.13464 -4.9991
-4.23464 -4.9991
-4.33464 -4.9991
-4.43464 -4.9991
-4.53464 -4.9991
-4.63464 -4.9991
-4.73464 -4.9991
-4.83464 -4.9991
-4.93464 -4.9991
-4.9962 -4.9203
-4.99969 -4.82036
-4.9962 -4.72042
-4.99969 -4.62048
-4.9962 -4.52054
-4.99969 -4.4206
-4.9962 -4.32066
-4.99969 -4.22072
-4.9962 -4.12078
-4.99969 -4.02084
-4.9962 -3.9209
-4.99969 -3.82097
-4.9962 -3.72103
-4.99969 -3.62109
-4.9962 -3.52115
-4.99969 -3.42121
-4.9962 -3.32127
-4.99969 -3.22133
-4.9962 -3.12139
-4.99969 -3.02145
-4.9962 -2.92151
-4.99969 -2.82157
-4.9962 -2.72164
-4.99969 -2.6217
-4.9962 -2.52176
-4.99969 -2.42182
-4.9962 -2.32188
-4.99969 -2.22194
-4.9962 -2.122
-4.99969 -2.02206
-4.9962 -1.92212
-4.99969 -1.82218
-4.9962 -1.72224
-4.99969 -1.62231
-4.9962 -1.52237
-4.99969 -1.42243
-4.9962 -1.32249
-4.99969 -1.22255
-4.9962 -1.12261
-4.99969 -1.02267
-4.9962 -0.922732
-4.99969 -0.822793
-4.9962 -0.722854
-4.99969 -0.622915
-4.9962 -0.522976
-4.99969 -0.423037
-4.9962 -0.323097
-4.99969 -0.223158
-4.9962 -0.123219
-4.99969 -0.0232802
-4.9962 0.0766589
-4.99969 0.176598
-4.9962 0.276537
-4.99969 0.376476
-4.9962 0.476415
-4.99969 0.576354
-4.9962 0.676293
-4.99969 0.776232
-4.9962 0.876172
-4.99969 0.976111
-4.9962 1.07605
-4.99969 1.17599
-4.9962 1.27593
-4.99969 1.37587
-4.9962 1.47581
-4.99969 1.57575
-4.9962 1.67568
-4.99969 1.77562
-4.9962 1.87556
-4.99969 1.9755
-4.9962 2.07544
-4.99969 2.17538
-4.9962 2.27532
-4.99969 2.37526
-4.9962 2.4752
-4.99969 2.57514
-4.9962 2.67508
-4.99969 2.77501
-4.9962 2.87495
-4.99969 2.97489
-4.9962 3.07483
-4.99969 3.17477
-4.9962 3.27471
-4.99969 3.37465
-4.9962 3.47459
-4.99969 3.57453
-4.9962 3.67447
-4.99969 3.7744
-4.9962 3.87434
-4.99969 3.97428
-4.9962 4.07422
-4.99969 4.17416
-4.9962 4.2741
-4.99969 4.37404
-4.9962 4.47398
-4.99969 4.57392
-4.9962 4.67386
-4.99969 4.7738
-4.9962 4.87373
-4.99969 4.97367
-4.90188 4.99447
-4.80188 4.99447
-4.70188 4.99447
-4.60188 4.99447
-4.50188 4.99447
-4.40188 4.99447
-4.30188 4.99447
-4.20188 4.99447
-4.10188 4.99447
-4.00188 4.99447
-3.90188 4.99447
-3.80188 4.99447
-3.70188 4.99447
-3.60188 4.99447
-3.50188 4.99447
-3.40188 4.99447
-3.30188 4.99447
-3.20188 4.99447
-3.10188 4.99447
-3.00188 4.99447
-2.90188 4.99447
-2.80188 4.99447
-2.70188 4.99447
-2.60188 4.99447
-2.50188 4.99447
-2.40188 4.99447
-2.30188 4.99447
-2.20188 4.99447
-2.10188 4.99447
-2.00188 4.99447
-1.90188 4.99447
-1.80188 4.99447
-1.70188 4.99447
-1.60188 4.99447
-1.50188 4.99447
-1.40188 4.99447
-1.30188 4.99447
-1.20188 4.99447
-1.10188 4.99447
-1.00188 4.99447
-0.901877 4.99447
-0.801877 4.99447
-0.701877 4.99447
-0.601877 4.99447
-0.501877 4.99447
-0.401877 4.99447
-0.301877 4.99447
-0.201877 4.99447
-0.101877 4.99447
-0.00187658 4.99447
0.0981234 4.99447
0.198123 4.99447
0.298123 4.99447
0.398123 4.99447
0.498123 4.99447
0.598123 4.99447
0.698123 4.99447
0.798123 4.99447
0.898123 4.99447
0.998123 4.99447
1.09812 4.99447
1.19812 4.99447
1.29812 4.99447
1.39812 4.99447
1.49812 4.99447
1.59812 4.99447
1.69812 4.99447
1.79812 4.99447
1.89812 4.99447
1.99812 4.99447
2.09812 4.99447
2.19812 4.99447
2.29812 4.99447
2.39812 4.99447
2.49812 4.99447
2.59812 4.99447
2.69812 4.99447
2.79812 4.99447
2.89812 4.99447
2.99812 4.99447
3.09812 4.99447
3.19812 4.99447
3.29812 4.99447
3.39812 4.99447
3.49812 4.99447
3.59812 4.99447
3.69812 4.99447
3.79812 4.99447
3.89812 4.99447
3.99812 4.99447
4.09812 4.99447
4.19812 4.99447
4.29812 4.99447
4.39812 4.99447
4.49812 4.99447
4.59812 4.99447
4.69812 4.99447
4.79812 4.99447
4.89812 4.99447
4.99812 4.99447
5.09812 4.99447
5.19812 4.99447
5.29812 4.99447
5.39812 4.99447
5.49812 4.99447
5.59812 4.99447
5.69812 4.99447
5.79812 4.99447
5.89812 4.99447
5.99812 4.99447
6.09812 4.99447
6.19812 4.99447
6.29812 4.99447
6.39812 4.99447
6.49812 4.99447
6.59812 4.99447
6.69812 4.99447
6.79812 4.99447
6.89812 4.99447
6.99812 4.99447
7.09812 4.99447
7.19812 4.99447
7.29812 4.99447
7.39812 4.99447
7.49812 4.99447
7.59812 4.99447
7.69812 4.99447
7.79812 4.99447
7.89812 4.99447
7.99812 4.99447
8.09812 4.99447
8.19812 4.99447
8.29812 4.99447
8.39812 4.99447
8.49812 4.99447
8.59812 4.99447
8.69812 4.99447
8.79812 4.99447
8.89812 4.99447
8.99812 4.99447
8.99463 4.89453
8.99812 4.79459
8.99463 4.69465
8.99812 4.59471
8.99463 4.49477
8.99812 4.39483
8.99463 4.29489
8.99812 4.19495
8.99463 4.09501
8.99812 3.99507
8.99463 3.89514
8.99812 3.7952
8.99463 3.69526
8.99812 3.59532
8.99463 3.49538
8.99812 3.39544
8.99463 3.2955
8.99812 3.19556
8.99463 3.09562
8.99812 2.99568
8.99463 2.89574
8.99812 2.79581
8.99463 2.69587
8.99812 2.59593
8.99463 2.49599
8.99812 2.39605
8.99463 2.29611
8.99812 2.19617
8.99463 2.09623
8.99812 1.99629
8.99463 1.89635
8.99812 1.79641
8.99463 1.69648
8.99812 1.59654
8.99463 1.4966
8.99812 1.39666
8.99463 1.29672
8.99812 1.19678
8.99463 1.09684
8.99812 0.996902
8.99463 0.896963
8.99812 0.797024
8.99463 0.697085
8.99812 0.597145
8.99463 0.497206
8.99812 0.397267
8.99463 0.297328
8.99812 0.197389
8.99463 0.09745
9.012 -0.00103075
9.112 -0.00103075
9.212 -0.00103075
9.312 -0.00103075
9.412 -0.00103075
9.512 -0.00103075
9.612 -0.00103075
9.712 -0.00103075
9.812 -0.00103075
9.912 -0.00103075
10.0003 0.0459164
10.0038 0.145855
10.0003 0.245795
10.0038 0.345734
10.0003 0.445673
10.0038 0.545612
10.0003 0.645551
10.0038 0.74549
10.0003 0.845429
10.0038 0.945368
10.0003 1.04531
10.0038 1.14525
10.0003 1.24519
10.0038 1.34512
10.0003 1.44506
10.0038 1.545
10.0003 1.64494
10.0038 1.74488
10.0003 1.84482
10.0038 1.94476
10.0003 2.0447
10.0038 2.14464
10.0003 2.24458
10.0038 2.34452
10.0003 2.44445
10.0038 2.54439
10.0003 2.64433
10.0038 2.74427
10.0003 2.84421
10.0038 2.94415
10.0003 3.04409
10.0038 3.14403
10.0003 3.24397
10.0038 3.34391
10.0003 3.44385
10.0038 3.54378
10.0003 3.64372
10.0038 3.74366
10.0003 3.8436
10.0038 3.94354
10.0003 4.04348
10.0038 4.14342
10.0003 4.24336
10.0038 4.3433
10.0003 4.44324
10.0038 4.54318
10.0003 4.64311
10.0038 4.74305
10.0003 4.84299
10.0038 4.94293
10.0886 4.99592
10.1886 4.99592
10.2886 4.99592
10.3886 4.99592
10.4886 4.99592
10.5886 4.99592
10.6886 4.99592
10.7886 4.99592
10.8886 4.99592
10.9886 4.99592
11.0886 4.99592
11.1886 4.99592
11.2886 4.99592
11.3886 4.99592
11.4886 4.99592
11.5886 4.99592
11.6886 4.99592
11.7886 4.99592
11.8886 4.99592
11.9886 4.99592
12.0886 4.99592
12.1886 4.99592
12.2886 4.99592
12.3886 4.99592
12.4886 4.99592
12.5886 4.99592
12.6886 4.99592
12.7886 4.99592
12.8886 4.99592
12.9886 4.99592
13.0886 4.99592
13.1886 4.99592
13.2886 4.99592
13.3886 4.99592
13.4886 4.99592
13.5886 4.99592
13.6886 4.99592
13.7886 4.99592
13.8886 4.99592
13.9886 4.99592
14.0886 4.99592
14.1886 4.99592
14.2886 4.99592
14.3886 4.99592
14.4886 4.99592
14.5886 4.99592
14.6886 4.99592
14.7886 4.99592
14.8886 4.99592
14.9886 4.99592
15.0886 4.99592
15.1886 4.99592
15.2886 4.99592
15.3886 4.99592
15.4886 4.99592
15.5886 4.99592
15.6886 4.99592
15.7886 4.99592
15.8886 4.99592
15.9886 4.99592
16.0886 4.99592
16.1886 4.99592
16.2886 4.99592
16.3886 4.99592
16.4886 4.99592
16.5886 4.99592
16.6886 4.99592
16.7886 4.99592
16.8886 4.99592
16.9886 4.99592
17.0886 4.99592
17.1886 4.99592
17.2886 4.99592
17.3886 4.99592
17.4886 4.99592
17.5886 4.99592
17.6886 4.99592
17.7886 4.99592
17.8886 4.99592
17.9886 4.99592
18.0886 4.99592
18.1886 4.99592
18.2886 4.99592
18.3886 4.99592
18.4886 4.99592
18.5886 4.99592
18.6886 4.99592
18.7886 4.99592
18.8886 4.99592
18.9886 4.99592
18.999 4.89647
18.9956 4.79653
18.999 4.69659
18.9956 4.59665
18.999 4.49671
18.9956 4.39678
18.999 4.29684
18.9956 4.1969
18.999 4.09696
18.9956 3.99702
18.999 3.89708
18.9956 3.79714
18.999 3.6972
18.9956 3.59726
18.999 3.49732
18.9956 3.39738
18.999 3.29745
18.9956 3.19751
18.999 3.09757
18.9956 2.99763
18.999 2.89769
18.9956 2.79775
18.999 2.69781
18.9956 2.59787
18.999 2.49793
18.9956 2.39799
18.999 2.29806
18.9956 2.19812
18.999 2.09818
18.9956 1.99824
18.999 1.8983
18.9956 1.79836
18.999 1.69842
18.9956 1.59848
18.999 1.49854
18.9956 1.3986
18.999 1.29866
18.9956 1.19873
18.999 1.09879
18.9956 0.998847
18.999 0.898908
18.9956 0.798969
18.999 0.69903
18.9956 0.599091
18.999 0.499152
18.9956 0.399212
18.999 0.299273
18.9956 0.199334
18.999 0.0993952
19.0095 -5.69608e-05
19.1095 -5.69608e-05
19.2095 -5.69608e-05
19.3095 -5.69608e-05
19.4095 -5.69608e-05
19.5095 -5.69608e-05
19.6095 -5.69608e-05
19.7095 -5.69608e-05
19.8095 -5.69608e-05
19.9095 -5.69608e-05
20.0008 0.0406167
20.0043 0.140556
20.0008 0.240495
20.0043 0.340434
20.0008 0.440373
20.0043 0.540312
20.0008 0.640251
20.0043 0.74019
20.0008 0.840129
20.0043 0.940068
20.0008 1.04001
20.0043 1.13995
20.0008 1.23989
20.0043 1.33982
20.0008 1.43976
20.0043 1.5397
20.0008 1.63964
20.0043 1.73958
20.0008 1.83952
20.0043 1.93946
20.0008 2.0394
20.0043 2.13934
20.0008 2.23928
20.0043 2.33922
20.0008 2.43915
20.0043 2.53909
20.0008 2.63903
20.0043 2.73897
20.0008 2.83891
20.0043 2.93885
20.0008 3.03879
20.0043 3.13873
20.0008 3.23867
20.0043 3.33861
20.0008 3.43855
20.0043 3.53848
20.0008 3.63842
20.0043 3.73836
20.0008 3.8383
20.0043 3.93824
20.0008 4.03818
20.0043 4.13812
20.0008 4.23806
20.0043 4.338
20.0008 4.43794
20.0043 4.53788
20.0008 4.63781
20.0043 4.73775
20.0008 4.83769
20.0043 4.93763
20.0852 4.99641
20.1852 4.99641
20.2852 4.99641
20.3852 4.99641
20.4852 4.99641
20.5852 4.99641
20.6852 4.99641
20.7852 4.99641
20.8852 4.99641
20.9852 4.99641
21.0852 4.99641
21.1852 4.99641
21.2852 4.99641
21.3852 4.99641
21.4852 4.99641
21.5852 4.99641
21.6852 4.99641
21.7852 4.99641
21.8852 4.99641
21.9852 4.99641
22.0852 4.99641
22.1852 4.99641
22.2852 4.99641
22.3852 4.99641
22.4852 4.99641
22.5852 4.99641
22.6852 4.99641
22.7852 4.99641
22.8852 4.99641
22.9852 4.99641
23.0852 4.99641
23.1852 4.99641
23.2852 4.99641
23.3852 4.99641
23.4852 4.99641
23.5852 4.99641
23.6852 4.99641
23.7852 4.99641
23.8852 4.99641
23.9852 4.99641
24.0852 4.99641
24.1852 4.99641
24.2852 4.99641
24.3852 4.99641
24.4852 4.99641
24.5852 4.99641
24.6852 4.99641
24.7852 4.99641
24.8852 4.99641
24.9852 4.99641
25.0852 4.99641
25.1852 4.99641
25.2852 4.99641
25.3852 4.99641
25.4852 4.99641
25.5852 4.99641
25.6852 4.99641
25.7852 4.99641
25.8852 4.99641
25.9852 4.99641
26.0852 4.99641
26.1852 4.99641
26.2852 4.99641
26.3852 4.99641
26.4852 4.99641
26.5852 4.99641
26.6852 4.99641
26.7852 4.99641
26.8852 4.99641
26.9852 4.99641
27.0852 4.99641
27.1852 4.99641
27.2852 4.99641
27.3852 4.99641
27.4852 4.99641
27.5852 4.99641
27.6852 4.99641
27.7852 4.99641
27.8852 4.99641
27.9852 4.99641
28.0852 4.99641
28.1852 4.99641
28.2852 4.99641
28.3852 4.99641
28.4852 4.99641
28.5852 4.99641
28.6852 4.99641
28.7852 4.99641
28.8852 4.99641
28.9852 4.99641
28.9957 4.89696
28.9992 4.79702
28.9957 4.69708
28.9992 4.59714
28.9957 4.4972
28.9992 4.39726
28.9957 4.29732
28.9992 4.19738
28.9957 4.09745
28.9992 3.99751
28.9957 3.89757
28.9992 3.79763
28.9957 3.69769
28.9992 3.59775
28.9957 3.49781
28.9992 3.39787
28.9957 3.29793
28.9992 3.19799
28.9957 3.09805
28.9992 2.99812
28.9957 2.89818
28.9992 2.79824
28.9957 2.6983
28.9992 2.59836
28.9957 2.49842
28.9992 2.39848
28.9957 2.29854
28.9992 2.1986
28.9957 2.09866
28.9992 1.99872
28.9957 1.89879
28.9992 1.79885
28.9957 1.69891
28.9992 1.59897
28.9957 1.49903
28.9992 1.39909
28.9957 1.29915
28.9992 1.19921
28.9957 1.09927
28.9992 0.999334
28.9957 0.899395
28.9992 0.799456
28.9957 0.699517
28.9992 0.599578
28.9957 0.499638
28.9992 0.399699
28.9957 0.29976
28.9992 0.199821
28.9957 0.0998821
28.9992 -5.69608e-05
29.0992 -5.69608e-05
29.1992 -5.69608e-05
29.2992 -5.69608e-05
29.3992 -5.69608e-05
29.4992 -5.69608e-05
29.5992 -5.69608e-05
29.6992 -5.69608e-05
29.7992 -5.69608e-05
29.8992 -5.69608e-05
29.9992 -5.69608e-05
30.0027 0.0998821
30.0062 0.199821
30.0027 0.29976
30.0062 0.399699
30.0027 0.499638
30.0062 0.599578
30.0027 0.699517
30.0062 0.799456
30.0027 0.899395
30.0062 0.999334
30.0027 1.09927
30.0062 1.19921
30.0027 1.29915
30.0062 1.39909
30.0027 1.49903
30.0062 1.59897
30.0027 1.69891
30.0062 1.79885
30.0027 1.89879
30.0062 1.99872
30.0027 2.09866
30.0062 2.1986
30.0027 2.29854
30.0062 2.39848
30.0027 2.49842
30.0062 2.59836
30.0027 2.6983
30.0062 2.79824
30.0027 2.89818
30.0062 2.99812
30.0027 3.09805
30.0062 3.19799
30.0027 3.29793
30.0062 3.39787
30.0027 3.49781
30.0062 3.59775
30.0027 3.69769
30.0062 3.79763
30.0027 3.89757
30.0062 3.99751
30.0027 4.09745
30.0062 4.19738
30.0027 4.29732
30.0062 4.39726
30.0027 4.4972
30.0062 4.59714
30.0027 4.69708
30.0062 4.79702
30.0027 4.89696
30.0062 4.9969
30.0027 5.09684
30.0062 5.19678
30.0027 5.29671
30.0062 5.39665
30.0027 5.49659
30.0062 5.59653
30.0027 5.69647
30.0062 5.79641
30.0027 5.89635
30.0062 5.99629
29.9064 6.00326
29.8064 6.00326
29.7064 6.00326
29.6064 6.00326
29.5064 6.00326
29.4064 6.00326
29.3064 6.00326
29.2064 6.00326
29.1064 6.00326
29.0064 6.00326
28.9064 6.00326
28.8064 6.00326
28.7064 6.00326
28.6064 6.00326
28.5064 6.00326
28.4064 6.00326
28.3064 6.00326
28.2064 6.00326
28.1064 6.00326
28.0064 6.00326
27.9064 6.00326
27.8064 6.00326
27.7064 6.00326
27.6064 6.00326
27.5064 6.00326
27.4064 6.00326
27.3064 6.00326
27.2064 6.00326
27.1064 6.00326
27.0064 6.00326
26.9064 6.00326
26.8064 6.00326
26.7064 6.00326
26.6064 6.00326
26.5064 6.00326
26.4064 6.00326
26.3064 6.00326
26.2064 6.00326
26.1064 6.00326
26.0064 6.00326
25.9064 6.00326
25.8064 6.00326
25.7064 6.00326
25.6064 6.00326
25.5064 6.00326
25.4064 6.00326
25.3064 6.00326
25.2064 6.00326
25.1064 6.00326
25.0064 6.00326
24.9064 6.00326
24.8064 6.00326
24.7064 6.00326
24.6064 6.00326
24.5064 6.00326
24.4064 6.00326
24.3064 6.00326
24.2064 6.00326
24.1064 6.00326
24.0064 6.00326
23.9064 6.00326
23.8064 6.00326
23.7064 6.00326
23.6064 6.00326
23.5064 6.00326
23.4064 6.00326
23.3064 6.00326
23.2064 6.00326
23.1064 6.00326
23.0064 6.00326
22.9064 6.00326
22.8064 6.00326
22.7064 6.00326
22.6064 6.00326
22.5064 6.00326
22.4064 6.00326
22.3064 6.00326
22.2064 6.00326
22.1064 6.00326
22.0064 6.00326
21.9064 6.00326
21.8064 6.00326
21.7064 6.00326
21.6064 6.00326
21.5064 6.00326
21.4064 6.00326
21.3064 6.00326
21.2064 6.00326
21.1064 6.00326
21.0064 6.00326
20.9064 6.00326
20.8064 6.00326
20.7064 6.00326
20.6064 6.00326
20.5064 6.00326
20.4064 6.00326
20.3064 6.00326
20.2064 6.00326
20.1064 6.00326
20.0064 6.00326
19.9064 6.00326
19.8064 6.00326
19.7064 6.00326
19.6064 6.00326
19.5064 6.00326
19.4064 6.00326
19.3064 6.00326
19.2064 6.00326
19.1064 6.00326
19.0064 6.00326
18.9064 6.00326
18.8064 6.00326
18.7064 6.00326
18.6064 6.00326
18.5064 6.00326
18.4064 6.00326
18.3064 6.00326
18.2064 6.00326
18.1064 6.00326
18.0064 6.00326
17.9064 6.00326
17.8064 6.00326
17.7064 6.00326
17.6064 6.00326
17.5064 6.00326
17.4064 6.00326
17.3064 6.00326
17.2064 6.00326
17.1064 6.00326
17.0064 6.00326
16.9064 6.00326
16.8064 6.00326
16.7064 6.00326
16.6064 6.00326
16.5064 6.00326
16.4064 6.00326
16.3064 6.00326
16.2064 6.00326
16.1064 6.00326
16.0064 6.00326
15.9064 6.00326
15.8064 6.00326
15.7064 6.00326
15.6064 6.00326
15.5064 6.00326
15.4064 6.00326
15.3064 6.00326
15.2064 6.00326
15.1064 6.00326
15.0064 6.00326
14.9064 6.00326
14.8064 6.00326
14.7064 6.00326
14.6064 6.00326
14.5064 6.00326
14.4064 6.00326
14.3064 6.00326
14.2064 6.00326
14.1064 6.00326
14.0064 6.00326
13.9064 6.00326
13.8064 6.00326
13.7064 6.00326
13.6064 6.00326
13.5064 6.00326
13.4064 6.00326
13.3064 6.00326
13.2064 6.00326
13.1064 6.00326
13.0064 6.00326
12.9064 6.00326
12.8064 6.00326
12.7064 6.00326
12.6064 6.00326
12.5064 6.00326
12.4064 6.00326
12.3064 6.00326
12.2064 6.00326
12.1064 6.00326
12.0064 6.00326
11.9064 6.00326
11.8064 6.00326
11.7064 6.00326
11.6064 6.00326
11.5064 6.00326
11.4064 6.00326
11.3064 6.00326
11.2064 6.00326
11.1064 6.00326
11.0064 6.00326
10.9064 6.00326
10.8064 6.00326
10.7064 6.00326
10.6064 6.00326
10.5064 6.00326
10.4064 6.00326
10.3064 6.00326
10.2064 6.00326
10.1064 6.00326
10.0064 6.00326
9.90641 6.00326
9.80641 6.00326
9.70641 6.00326
9.60641 6.00326
9.50641 6.00326
9.40641 6.00326
9.30641 6.00326
9.20641 6.00326
9.10641 6.00326
9.00641 6.00326
8.90641 6.00326
8.80641 6.00326
8.70641 6.00326
8.60641 6.00326
8.50641 6.00326
8.40641 6.00326
8.30641 6.00326
8.20641 6.00326
8.10641 6.00326
8.00641 6.00326
7.90641 6.00326
7.80641 6.00326
7.70641 6.00326
7.60641 6.00326
7.50641 6.00326
7.40641 6.00326
7.30641 6.00326
7.20641 6.00326
7.10641 6.00326
7.00641 6.00326
6.90641 6.00326
6.80641 6.00326
6.70641 6.00326
6.60641 6.00326
6.50641 6.00326
6.40641 6.00326
6.30641 6.00326
6.20641 6.00326
6.10641 6.00326
6.00641 6.00326
5.90641 6.00326
5.80641 6.00326
5.70641 6.00326
5.60641 6.00326
5.50641 6.00326
5.40641 6.00326
5.30641 6.00326
5.20641 6.00326
5.10641 6.00326
5.00641 6.00326
4.90641 6.00326
4.80641 6.00326
4.70641 6.00326
4.60641 6.00326
4.50641 6.00326
4.40641 6.00326
4.30641 6.00326
4.20641 6.00326
4.10641 6.00326
4.00641 6.00326
3.90641 6.00326
3.80641 6.00326
3.70641 6.00326
3.60641 6.00326
3.50641 6.00326
3.40641 6.00326
3.30641 6.00326
3.20641 6.00326
3.10641 6.00326
3.00641 6.00326
2.90641 6.00326
2.80641 6.00326
2.70641 6.00326
2.60641 6.00326
2.50641 6.00326
2.40641 6.00326
2.30641 6.00326
2.20641 6.00326
2.10641 6.00326
2.00641 6.00326
1.90641 6.00326
1.80641 6.00326
1.70641 6.00326
1.60641 6.00326
1.50641 6.00326
1.40641 6.00326
1.30641 6.00326
1.20641 6.00326
1.10641 6.00326
1.00641 6.00326
0.906406 6.00326
0.806406 6.00326
0.706406 6.00326
0.606406 6.00326
0.506406 6.00326
0.406406 6.00326
0.306406 6.00326
0.206406 6.00326
0.106406 6.00326
0.00640598 6.00326
-0.093594 6.00326
-0.193594 6.00326
-0.293594 6.00326
-0.393594 6.00326
-0.493594 6.00326
-0.593594 6.00326
-0.693594 6.00326
-0.793594 6.00326
-0.893594 6.00326
-0.993594 6.00326
-1.09359 6.00326
-1.19359 6.00326
-1.29359 6.00326
-1.39359 6.00326
-1.49359 6.00326
-1.59359 6.00326
-1.69359 6.00326
-1.79359 6.00326
-1.89359 6.00326
-1.99359 6.00326
-2.09359 6.00326
-2.19359 6.00326
-2.29359 6.00326
-2.39359 6.00326
-2.49359 6.00326
-2.59359 6.00326
-2.69359 6.00326
-2.79359 6.00326
-2.89359 6.00326
-2.99359 6.00326
-3.09359 6.00326
-3.19359 6.00326
-3.29359 6.00326
-3.39359 6.00326
-3.49359 6.00326
-3.59359 6.00326
-3.69359 6.00326
-3.79359 6.00326
-3.89359 6.00326
-3.99359 6.00326
-4.09359 6.00326
-4.19359 6.00326
-4.29359 6.00326
-4.39359 6.00326
-4.49359 6.00326
-4.59359 6.00326
-4.69359 6.00326
-4.79359 6.00326
-4.89359 6.00326
-4.99359 6.00326
-5.09359 6.00326
-5.19359 6.00326
-5.29359 6.00326
-5.39359 6.00326
-5.49359 6.00326
-5.59359 6.00326
-5.69359 6.00326
-5.79359 6.00326
-5.89359 6.00326
-5.99359 6.00326
-6.00405 5.90381
-6.00056 5.80387
-6.00405 5.70393
-6.00056 5.60399
-6.00405 5.50406
-6.00056 5.40412
-6.00405 5.30418
-6.00056 5.20424
-6.00405 5.1043
-6.00056 5.00436
-6.00405 4.90442
-6.00056 4.80448
-6.00405 4.70454
-6.00056 4.6046
-6.00405 4.50466
-6.00056 4.40473
-6.00405 4.30479
-6.00056 4.20485
-6.00405 4.10491
-6.00056 4.00497
-6.00405 3.90503
-6.00056 3.80509
-6.00405 3.70515
-6.00056 3.60521
-6.00405 3.50527
-6.00056 3.40533
-6.00405 3.3054
-6.00056 3.20546
-6.00405 3.10552
-6.00056 3.00558
-6.00405 2.90564
-6.00056 2.8057
-6.00405 2.70576
-6.00056 2.60582
-6.00405 2.50588
-6.00056 2.40594
-6.00405 2.306
-6.00056 2.20607
-6.00405 2.10613
-6.00056 2.00619
-6.00405 1.90625
-6.00056 1.80631
-6.00405 1.70637
-6.00056 1.60643
-6.00405 1.50649
-6.00056 1.40655
-6.00405 1.30661
-6.00056 1.20667
-6.00405 1.10674
-6.00056 1.0068
-6.00405 0.906857
-6.00056 0.806918
-6.00405 0.706979
-6.00056 0.60704
-6.00405 0.507101
-6.00056 0.407162
-6.00405 0.307223
-6.00056 0.207284
-6.00405 0.107345
-6.00056 0.00740558
-6.00405 -0.0925335
-6.00056 -0.192473
-6.00405 -0.292412
-6.00056 -0.392351
-6.00405 -0.49229
-6.00056 -0.592229
-6.00405 -0.692168
-6.00056 -0.792107
-6.00405 -0.892046
-6.00056 -0.991985
-6.00405 -1.09192
-6.00056 -1.19186
-6.00405 -1.2918
-6.00056 -1.39174
-6.00405 -1.49168
-6.00056 -1.59162
-6.00405 -1.69156
-6.00056 -1.7915
-6.00405 -1.89144
-6.00056 -1.99138
-6.00405 -2.09132
-6.00056 -2.19125
-6.00405 -2.29119
-6.00056 -2.39113
-6.00405 -2.49107
-6.00056 -2.59101
-6.00405 -2.69095
-6.00056 -2.79089
-6.00405 -2.89083
-6.00056 -2.99077
-6.00405 -3.09071
-6.00056 -3.19065
-6.00405 -3.29058
-6.00056 -3.39052
-6.00405 -3.49046
-6.00056 -3.5904
-6.00405 -3.69034
-6.00056 -3.79028
-6.00405 -3.89022
-6.00056 -3.99016
-6.00405 -4.0901
-6.00056 -4.19004
-6.00405 -4.28997
-6.00056 -4.38991
-6.00405 -4.48985
-6.00056 -4.58979
-6.00405 -4.68973
-6.00056 -4.78967
-6.00405 -4.88961
-6.00056 -4.98955
-6.00405 -5.08949
-6.00056 -5.18943
-6.00405 -5.28937
-6.00056 -5.3893
-6.00405 -5.48924
-6.00056 -5.58918
-6.00405 -5.68912
-6.00056 -5.78906
-6.00405 -5.889
-6.00056 -5.98894
-5.90153 -6.00286
-5.80153 -6.00286
-5.70153 -6.00286
-5.60153 -6.00286
-5.50153 -6.00286
-5.40153 -6.00286
-5.30153 -6.00286
-5.20153 -6.00286
-5.10153 -6.00286
-5.00153 -6.00286
-4.90153 -6.00286
-4.80153 -6.00286
-4.70153 -6.00286
-4.60153 -6.00286
-4.50153 -6.00286
-4.40153 -6.00286
-4.30153 -6.00286
-4.20153 -6.00286
-4.10153 -6.00286
-4.00153 -6.00286
-3.90153 -6.00286
-3.80153 -6.00286
-3.70153 -6.00286
-3.60153 -6.00286
-3.50153 -6.00286
-3.40153 -6.00286
-3.30153 -6.00286
-3.20153 -6.00286
-3.10153 -6.00286
-3.00153 -6.00286
-2.90153 -6.00286
-2.80153 -6.00286
-2.70153 -6.00286
-2.60153 -6.00286
-2.50153 -6.00286
-2.40153 -6.00286
-2.30153 -6.00286
-2.20153 -6.00286
-2.10153 -6.00286
-2.00153 -6.00286
-1.90153 -6.00286
-1.80153 -6.00286
-1.70153 -6.00286
-1.60153 -6.00286
-1.50153 -6.00286
-1.40153 -6.00286
-1.30153 -6.00286
-1.20153 -6.00286
-1.10153 -6.00286
-1.00153 -6.00286
-0.90153 -6.00286
-0.80153 -6.00286
-0.70153 -6.00286
-0.60153 -6.00286
-0.50153 -6.00286
-0.40153 -6.00286
-0.30153 -6.00286
-0.20153 -6.00286
-0.10153 -6.00286
-0.00153011 -6.00286
0.0984699 -6.00286
0.19847 -6.00286
0.29847 -6.00286
0.39847 -6.00286
0.49847 -6.00286
0.59847 -6.00286
0.69847 -6.00286
0.79847 -6.00286
0.89847 -6.00286
0.99847 -6.00286
1.09847 -6.00286
1.19847 -6.00286
1.29847 -6.00286
1.39847 -6.00286
1.49847 -6.00286
1.59847 -6.00286
1.69847 -6.00286
1.79847 -6.00286
1.89847 -6.00286
1.99847 -6.00286
2.09847 -6.00286
2.19847 -6.00286
2.29847 -6.00286
2.39847 -6.00286
2.49847 -6.00286
2.59847 -6.00286
2.69847 -6.00286
2.79847 -6.00286
2.89847 -6.00286
2.99847 -6.00286
3.09847 -6.00286
3.19847 -6.00286
3.29847 -6.00286
3.39847 -6.00286
3.49847 -6.00286
3.59847 -6.00286
3.69847 -6.00286
3.79847 -6.00286
3.89847 -6.00286
3.99847 -6.00286
4.09847 -6.00286
4.19847 -6.00286
4.29847 -6.00286
4.39847 -6.00286
4.49847 -6.00286
4.59847 -6.00286
4.69847 -6.00286
4.79847 -6.00286
4.89847 -6.00286
4.99847 -6.00286
5.09847 -6.00286
5.19847 -6.00286
5.29847 -6.00286
5.39847 -6.00286
5.49847 -6.00286
5.59847 -6.00286
5.69847 -6.00286
5.79847 -6.00286
5.89847 -6.00286
5.99847 -6.00286
6.09847 -6.00286
6.19847 -6.00286
6.29847 -6.00286
6.39847 -6.00286
6.49847 -6.00286
6.59847 -6.00286
6.69847 -6.00286
6.79847 -6.00286
6.89847 -6.00286
6.99847 -6.00286
7.09847 -6.00286
7.19847 -6.00286
7.29847 -6.00286
7.39847 -6.00286
7.49847 -6.00286
7.59847 -6.00286
7.69847 -6.00286
7.79847 -6.00286
7.89847 -6.00286
7.99847 -6.00286
8.09847 -6.00286
8.19847 -6.00286
8.29847 -6.00286
8.39847 -6.00286
8.49847 -6.00286
8.59847 -6.00286
8.69847 -6.00286
8.79847 -6.00286
8.89847 -6.00286
8.99847 -6.00286
9.09847 -6.00286
9.19847 -6.00286
9.29847 -6.00286
9.39847 -6.00286
9.49847 -6.00286
9.59847 -6.00286
9.69847 -6.00286
9.79847 -6.00286
9.89847 -6.00286
9.99847 -6.00286
10.0985 -6.00286
10.1985 -6.00286
10.2985 -6.00286
10.3985 -6.00286
10.4985 -6.00286
10.5985 -6.00286
10.6985 -6.00286
10.7985 -6.00286
10.8985 -6.00286
10.9985 -6.00286
11.0985 -6.00286
11.1985 -6.00286
11.2985 -6.00286
11.3985 -6.00286
11.4985 -6.00286
11.5985 -6.00286
11.6985 -6.00286
11.7985 -6.00286
11.8985 -6.00286
11.9985 -6.00286
12.0985 -6.00286
12.1985 -6.00286
12.2985 -6.00286
12.3985 -6.00286
12.4985 -6.00286
12.5985 -6.00286
12.6985 -6.00286
12.7985 -6.00286
12.8985 -6.00286
12.9985 -6.00286
13.0985 -6.00286
13.1985 -6.00286
13.2985 -6.00286
13.3985 -6.00286
13.4985 -6.00286
13.5985 -6.00286
13.6985 -6.00286
13.7985 -6.00286
13.8985 -6.00286
13.9985 -6.00286
14.0985 -6.00286
14.1985 -6.00286
14.2985 -6.00286
14.3985 -6.00286
14.4985 -6.00286
14.5985 -6.00286
14.6985 -6.00286
14.7985 -6.00286
14.8985 -6.00286
14.9985 -6.00286
15.0985 -6.00286
15.1985 -6.00286
15.2985 -6.00286
15.3985 -6.00286
15.4985 -6.00286
15.5985 -6.00286
15.6985 -6.00286
15.7985 -6.00286
15.8985 -6.00286
15.9985 -6.00286
16.0985 -6.00286
16.1985 -6.00286
16.2985 -6.00286
16.3985 -6.00286
16.4985 -6.00286
16.5985 -6.00286
16.6985 -6.00286
16.7985 -6.00286
16.8985 -6.00286
16.9985 -6.00286
17.0985 -6.00286
17.1985 -6.00286
17.2985 -6.00286
17.3985 -6.00286
17.4985 -6.00286
17.5985 -6.00286
17.6985 -6.00286
17.7985 -6.00286
17.8985 -6.00286
17.9985 -6.00286
18.0985 -6.00286
18.1985 -6.00286
18.2985 -6.00286
18.3985 -6.00286
18.4985 -6.00286
18.5985 -6.00286
18.6985 -6.00286
18.7985 -6.00286
18.8985 -6.00286
18.9985 -6.00286
19.0985 -6.00286
19.1985 -6.00286
19.2985 -6.00286
19.3985 -6.00286
19.4985 -6.00286
19.5985 -6.00286
19.6985 -6.00286
19.7985 -6.00286
19.8985 -6.00286
19.9985 -6.00286
20.0985 -6.00286
20.1985 -6.00286
20.2985 -6.00286
20.3985 -6.00286
20.4985 -6.00286
20.5985 -6.00286
20.6985 -6.00286
20.7985 -6.00286
20.8985 -6.00286
20.9985 -6.00286
21.0985 -6.00286
21.1985 -6.00286
21.2985 -6.00286
21.3985 -6.00286
21.4985 -6.00286
21.5985 -6.00286
21.6985 -6.00286
21.7985 -6.00286
21.8985 -6.00286
21.9985 -6.00286
22.0985 -6.00286
22.1985 -6.00286
22.2985 -6.00286
22.3985 -6.00286
22.4985 -6.00286
22.5985 -6.00286
22.6985 -6.00286
22.7985 -6.00286
22.8985 -6.00286
22.9985 -6.00286
23.0985 -6.00286
23.1985 -6.00286
23.2985 -6.00286
23.3985 -6.00286
23.4985 -6.00286
23.5985 -6.00286
23.6985 -6.00286
23.7985 -6.00286
23.8985 -6.00286
23.9985 -6.00286
24.0985 -6.00286
24.1985 -6.00286
24.2985 -6.00286
24.3985 -6.00286
24.4985 -6.00286
24.5985 -6.00286
24.6985 -6.00286
24.7985 -6.00286
24.8985 -6.00286
24.9985 -6.00286
25.002 -5.90292
25.0054 -5.80298
25.002 -5.70304
25.0054 -5.6031
25.002 -5.50316
25.0054 -5.40322
25.002 -5.30328
25.0054 -5.20334
25.002 -5.1034
25.0054 -5.00347
25.002 -4.90353
25.0054 -4.80359
25.002 -4.70365
25.0054 -4.60371
25.002 -4.50377
25.0054 -4.40383
25.002 -4.30389
25.0054 -4.20395
25.002 -4.10401
25.0054 -4.00408
25.002 -3.90414
25.0054 -3.8042
25.002 -3.70426
25.0054 -3.60432
25.002 -3.50438
25.0054 -3.40444
25.002 -3.3045
25.0054 -3.20456
25.002 -3.10462
25.0054 -3.00468
25.002 -2.90475
25.0054 -2.80481
25.002 -2.70487
25.0054 -2.60493
25.002 -2.50499
25.0054 -2.40505
25.002 -2.30511
25.0054 -2.20517
25.002 -2.10523
25.0054 -2.00529
25.002 -1.90535
25.0054 -1.80542
25.002 -1.70548
25.0054 -1.60554
25.002 -1.5056
25.0054 -1.40566
25.002 -1.30572
25.0054 -1.20578
25.002 -1.10584
25.0054 -1.0059
25.002 -0.905963
25.0054 -0.806024
25.002 -0.706085
25.0054 -0.606146
25.002 -0.506207
25.0054 -0.406268
25.002 -0.306329
25.0054 -0.20639
25.002 -0.106451
25.0054 -0.00651173
25.002 0.0934274
25.0054 0.193366
25.002 0.293306
25.0054 0.393245
25.002 0.493184
25.0054 0.593123
25.002 0.693062
25.0054 0.793001
25.002 0.89294
25.0054 0.992879
24.9064 1.0068
24.8064 1.0068
24.7064 1.0068
24.6064 1.0068
24.5064 1.0068
24.4064 1.0068
24.3064 1.0068
24.2064 1.0068
24.1064 1.0068
24.0064 1.0068
23.996 0.907344
23.9995 0.807405
23.996 0.707466
23.9995 0.607527
23.996 0.507588
23.9995 0.407649
23.996 0.30771
23.9995 0.207771
23.996 0.107832
23.9995 0.00789247
23.996 -0.0920466
23.9995 -0.191986
23.996 -0.291925
23.9995 -0.391864
23.996 -0.491803
23.9995 -0.591742
23.996 -0.691681
23.9995 -0.79162
23.996 -0.891559
23.9995 -0.991498
23.996 -1.09144
23.9995 -1.19138
23.996 -1.29132
23.9995 -1.39125
23.996 -1.49119
23.9995 -1.59113
23.996 -1.69107
23.9995 -1.79101
23.996 -1.89095
23.9995 -1.99089
23.996 -2.09083
23.9995 -2.19077
23.996 -2.29071
23.9995 -2.39065
23.996 -2.49058
23.9995 -2.59052
23.996 -2.69046
23.9995 -2.7904
23.996 -2.89034
23.9995 -2.99028
23.996 -3.09022
23.9995 -3.19016
23.996 -3.2901
23.9995 -3.39004
23.996 -3.48998
23.9995 -3.58991
23.996 -3.68985
23.9995 -3.78979
23.996 -3.88973
23.9995 -3.98967
23.996 -4.08961
23.9995 -4.18955
23.996 -4.28949
23.9995 -4.38943
23.996 -4.48937
23.9995 -4.58931
23.996 -4.68924
23.9995 -4.78918
23.996 -4.88912
23.9995 -4.98906
23.8997 -4.99604
23.7997 -4.99604
23.6997 -4.99604
23.5997 -4.99604
23.4997 -4.99604
23.3997 -4.99604
23.2997 -4.99604
23.1997 -4.99604
23.0997 -4.99604
22.9997 -4.99604
22.8997 -4.99604
22.7997 -4.99604
22.6997 -4.99604
22.5997 -4.99604
22.4997 -4.99604
22.3997 -4.99604
22.2997 -4.99604
22.1997 -4.99604
22.0997 -4.99604
21.9997 -4.99604
21.8997 -4.99604
21.7997 -4.99604
21.6997 -4.99604
21.5997 -4.99604
21.4997 -4.99604
21.3997 -4.99604
21.2997 -4.99604
21.1997 -4.99604
21.0997 -4.99604
20.9997 -4.99604
20.8997 -4.99604
20.7997 -4.99604
20.6997 -4.99604
20.5997 -4.99604
20.4997 -4.99604
20.3997 -4.99604
20.2997 -4.99604
20.1997 -4.99604
20.0997 -4.99604
19.9997 -4.99604
19.8997 -4.99604
19.7997 -4.99604
19.6997 -4.99604
19.5997 -4.99604
19.4997 -4.99604
19.3997 -4.99604
19.2997 -4.99604
19.1997 -4.99604
19.0997 -4.99604
18.9997 -4.99604
18.8997 -4.99604
18.7997 -4.99604
18.6997 -4.99604
18.5997 -4.99604
18.4997 -4.99604
18.3997 -4.99604
18.2997 -4.99604
18.1997 -4.99604
18.0997 -4.99604
17.9997 -4.99604
17.8997 -4.99604
17.7997 -4.99604
17.6997 -4.99604
17.5997 -4.99604
17.4997 -4.99604
17.3997 -4.99604
17.2997 -4.99604
17.1997 -4.99604
17.0997 -4.99604
16.9997 -4.99604
16.8997 -4.99604
16.7997 -4.99604
16.6997 -4.99604
16.5997 -4.99604
16.4997 -4.99604
16.3997 -4.99604
16.2997 -4.99604
16.1997 -4.99604
16.0997 -4.99604
15.9997 -4.99604
15.8997 -4.99604
15.7997 -4.99604
15.6997 -4.99604
15.5997 -4.99604
15.4997 -4.99604
15.3997 -4.99604
15.2997 -4.99604
15.1997 -4.99604
15.0997 -4.99604
15.0007 -4.98212
15.0042 -4.88218
15.0007 -4.78224
15.0042 -4.6823
15.0007 -4.58236
15.0042 -4.48242
15.0007 -4.38249
15.0042 -4.28255
15.0007 -4.18261
15.0042 -4.08267
15.0007 -3.98273
15.0042 -3.88279
15.0007 -3.78285
15.0042 -3.68291
15.0007 -3.58297
15.0042 -3.48303
15.0007 -3.38309
15.0042 -3.28316
15.0007 -3.18322
15.0042 -3.08328
15.0007 -2.98334
15.0042 -2.8834
15.0007 -2.78346
15.0042 -2.68352
15.0007 -2.58358
15.0042 -2.48364
15.0007 -2.3837
15.0042 -2.28376
15.0007 -2.18383
15.0042 -2.08389
15.0007 -1.98395
15.0042 -1.88401
15.0007 -1.78407
15.0042 -1.68413
15.0007 -1.58419
15.0042 -1.48425
15.0007 -1.38431
15.0042 -1.28437
15.0007 -1.18443
15.0042 -1.0845
15.0007 -0.984557
15.0042 -0.884618
15.0007 -0.784679
15.0042 -0.684739
15.0007 -0.5848
15.0042 -0.484861
15.0007 -0.384922
15.0042 -0.284983
15.0007 -0.185044
15.0042 -0.0851049
15.0007 0.0148341
15.0042 0.114773
15.0007 0.214712
15.0042 0.314651
15.0007 0.41459
15.0042 0.51453
15.0007 0.614469
15.0042 0.714408
15.0007 0.814347
15.0042 0.914286
14.9542 1.00089
14.8542 1.00089
14.7542 1.00089
14.6542 1.00089
14.5542 1.00089
14.4542 1.00089
14.3542 1.00089
14.2542 1.00089
14.1542 1.00089
14.0542 1.00089
13.9982 0.917985
13.9948 0.818046
13.9982 0.718106
13.9948 0.618167
13.9982 0.518228
13.9948 0.418289
13.9982 0.31835
13.9948 0.218411
13.9982 0.118472
13.9948 0.0185329
13.9982 -0.0814062
13.9948 -0.181345
13.9982 -0.281284
13.9948 -0.381223
13.9982 -0.481162
13.9948 -0.581102
13.9982 -0.681041
13.9948 -0.78098
13.9982 -0.880919
13.9948 -0.980858
13.9982 -1.0808
13.9948 -1.18074
13.9982 -1.28068
13.9948 -1.38061
13.9982 -1.48055
13.9948 -1.58049
13.9982 -1.68043
13.9948 -1.78037
13.9982 -1.88031
13.9948 -1.98025
13.9982 -2.08019
13.9948 -2.18013
13.9982 -2.28007
13.9948 -2.38001
13.9982 -2.47994
13.9948 -2.57988
13.9982 -2.67982
13.9948 -2.77976
13.9982 -2.8797
13.9948 -2.97964
13.9982 -3.07958
13.9948 -3.17952
13.9982 -3.27946
13.9948 -3.3794
13.9982 -3.47933
13.9948 -3.57927
13.9982 -3.67921
13.9948 -3.77915
13.9982 -3.87909
13.9948 -3.97903
13.9982 -4.07897
13.9948 -4.17891
13.9982 -4.27885
13.9948 -4.37879
13.9982 -4.47873
13.9948 -4.57866
13.9982 -4.6786
13.9948 -4.77854
13.9982 -4.87848
13.9948 -4.97842
13.8969 -4.99921
13.7969 -4.99921
13.6969 -4.99921
13.5969 -4.99921
13.4969 -4.99921
13.3969 -4.99921
13.2969 -4.99921
13.1969 -4.99921
13.0969 -4.99921
12.9969 -4.99921
12.8969 -4.99921
12.7969 -4.99921
12.6969 -4.99921
12.5969 -4.99921
12.4969 -4.99921
12.3969 -4.99921
12.2969 -4.99921
12.1969 -4.99921
12.0969 -4.99921
11.9969 -4.99921
11.8969 -4.99921
11.7969 -4.99921
11.6969 -4.99921
11.5969 -4.99921
11.4969 -4.99921
11.3969 -4.99921
11.2969 -4.99921
11.1969 -4.99921
11.0969 -4.99921
10.9969 -4.99921
10.8969 -4.99921
10.7969 -4.99921
10.6969 -4.99921
10.5969 -4.99921
10.4969 -4.99921
10.3969 -4.99921
10.2969 -4.99921
10.1969 -4.99921
10.0969 -4.99921
9.99694 -4.99921
9.89694 -4.99921
9.79694 -4.99921
9.69694 -4.99921
9.59694 -4.99921
9.49694 -4.99921
9.39694 -4.99921
9.29694 -4.99921
9.19694 -4.99921
9.09694 -4.99921
8.99694 -4.99921
8.89694 -4.99921
8.79694 -4.99921
8.69694 -4.99921
8.59694 -4.99921
8.49694 -4.99921
8.39694 -4.99921
8.29694 -4.99921
8.19694 -4.99921
8.09694 -4.99921
7.99694 -4.99921
7.89694 -4.99921
7.79694 -4.99921
7.69694 -4.99921
7.59694 -4.99921
7.49694 -4.99921
7.39694 -4.99921
7.29694 -4.99921
7.19694 -4.99921
7.09694 -4.99921
6.99694 -4.99921
6.89694 -4.99921
6.79694 -4.99921
6.69694 -4.99921
6.59694 -4.99921
6.49694 -4.99921
6.39694 -4.99921
6.29694 -4.99921
6.19694 -4.99921
6.09694 -4.99921
5.99694 -4.99921
5.89694 -4.99921
5.79694 -4.99921
5.69694 -4.99921
5.59694 -4.99921
5.49694 -4.99921
5.39694 -4.99921
5.29694 -4.99921
5.19694 -4.99921
5.09694 -4.99921
5.00082 -4.97165
5.00431 -4.87171
5.00082 -4.77177
5.00431 -4.67183
5.00082 -4.57189
5.00431 -4.47195
5.00082 -4.37201
5.00431 -4.27208
5.00082 -4.17214
5.00431 -4.0722
5.00082 -3.97226
5.00431 -3.87232
5.00082 -3.77238
5.00431 -3.67244
5.00082 -3.5725
5.00431 -3.47256
5.00082 -3.37262
5.00431 -3.27268
5.00082 -3.17275
5.00431 -3.07281
5.00082 -2.97287
5.00431 -2.87293
5.00082 -2.77299
5.00431 -2.67305
5.00082 -2.57311
5.00431 -2.47317
5.00082 -2.37323
5.00431 -2.27329
5.00082 -2.17335
5.00431 -2.07342
5.00082 -1.97348
5.00431 -1.87354
5.00082 -1.7736
5.00431 -1.67366
5.00082 -1.57372
5.00431 -1.47378
5.00082 -1.37384
5.00431 -1.2739
5.00082 -1.17396
5.00431 -1.07402
5.00082 -0.974085
5.00431 -0.874146
5.00082 -0.774207
5.00431 -0.674268
5.00082 -0.574329
5.00431 -0.47439
5.00082 -0.374451
5.00431 -0.274512
5.00082 -0.174573
5.00431 -0.0746336
5.00082 0.0253055
5.00431 0.125245
5.00082 0.225184
5.00431 0.325123
5.00082 0.425062
5.00431 0.525001
5.00082 0.62494
5.00431 0.724879
5.00082 0.824818
5.00431 0.924757
4.94274 1.00356
4.84274 1.00356
4.74274 1.00356
4.64274 1.00356
4.54274 1.00356
4.44274 1.00356
4.34274 1.00356
4.24274 1.00356
4.14274 1.00356
4.04274 1.00356
3.9989 0.913679
3.99541 0.81374
3.9989 0.713801
3.99541 0.613862
3.9989 0.513923
3.99541 0.413983
3.9989 0.314044
3.99541 0.214105
3.9989 0.114166
3.99541 0.0142272
3.9989 -0.0857119
3.99541 -0.185651
3.9989 -0.28559
3.99541 -0.385529
3.9989 -0.485468
3.99541 -0.585407
3.9989 -0.685346
3.99541 -0.785286
3.9989 -0.885225
3.99541 -0.985164
3.9989 -1.0851
3.99541 -1.18504
3.9989 -1.28498
3.99541 -1.38492
3.9989 -1.48486
3.99541 -1.5848
3.9989 -1.68474
3.99541 -1.78468
3.9989 -1.88462
3.99541 -1.98455
3.9989 -2.08449
3.99541 -2.18443
3.9989 -2.28437
3.99541 -2.38431
3.9989 -2.48425
3.99541 -2.58419
3.9989 -2.68413
3.99541 -2.78407
3.9989 -2.88401
3.99541 -2.98395
3.9989 -3.08388
3.99541 -3.18382
3.9989 -3.28376
3.99541 -3.3837
3.9989 -3.48364
3.99541 -3.58358
3.9989 -3.68352
3.99541 -3.78346
3.9989 -3.8834
3.99541 -3.98334
3.9989 -4.08328
3.99541 -4.18321
3.9989 -4.28315
3.99541 -4.38309
3.9989 -4.48303
3.99541 -4.58297
3.9989 -4.68291
3.99541 -4.78285
3.9989 -4.88279
3.99541 -4.98273
3.89639 -4.99664
3.79639 -4.99664
3.69639 -4.99664
3.59639 -4.99664
3.49639 -4.99664
3.39639 -4.99664
3.29639 -4.99664
3.19639 -4.99664
3.09639 -4.99664
2.99639 -4.99664
2.89639 -4.99664
2.79639 -4.99664
2.69639 -4.99664
2.59639 -4.99664
2.49639 -4.99664
2.39639 -4.99664
2.29639 -4.99664
2.19639 -4.99664
2.09639 -4.99664
1.99639 -4.99664
1.89639 -4.99664
1.79639 -4.99664
1.69639 -4.99664
1.59639 -4.99664
1.49639 -4.99664
1.39639 -4.99664
1.29639 -4.99664
1.19639 -4.99664
1.09639 -4.99664
0.996387 -4.99664
0.896387 -4.99664
0.796387 -4.99664
0.696387 -4.99664
0.596387 -4.99664
0.496387 -4.99664
0.396387 -4.99664
0.296387 -4.99664
0.196387 -4.99664
0.0963866 -4.99664
-0.00361341 -4.99664
-0.103613 -4.99664
-0.203613 -4.99664
-0.303613 -4.99664
-0.403613 -4.99664
-0.503613 -4.99664
-0.603613 -4.99664
-0.703613 -4.99664
-0.803613 -4.99664
-0.903613 -4.99664
-1.00361 -4.99664
-1.10361 -4.99664
-1.20361 -4.99664
-1.30361 -4.99664
-1.40361 -4.99664
-1.50361 -4.99664
-1.60361 -4.99664
-1.70361 -4.99664
-1.80361 -4.99664
-1.90361 -4.99664
-2.00361 -4.99664
-2.10361 -4.99664
-2.20361 -4.99664
-2.30361 -4.99664
-2.40361 -4.99664
-2.50361 -4.99664
-2.60361 -4.99664
-2.70361 -4.99664
-2.80361 -4.99664
-2.90361 -4.99664
-3.00361 -4.99664
-3.10361 -4.99664
-3.20361 -4.99664
-3.30361 -4.99664
-3.40361 -4.99664
-3.50361 -4.99664
-3.60361 -4.99664
-3.70361 -4.99664
-3.80361 -4.99664
-3.90361 -4.99664
-4.00361 -4.99664
-4.10361 -4.99664
-4.20361 -4.99664
-4.30361 -4.99664
-4.40361 -4.99664
-4.50361 -4.99664
-4.60361 -4.99664
-4.70361 -4.99664
-4.80361 -4.99664
-4.90361 -4.99664
-4.99974 -4.96908
-4.99625 -4.86914
-4.99974 -4.7692
-4.99625 -4.66926
-4.99974 -4.56932
-4.99625 -4.46939
-4.99974 -4.36945
-4.99625 -4.26951
-4.99974 -4.16957
-4.99625 -4.06963
-4.99974 -3.96969
-4.99625 -3.86975
-4.99974 -3.76981
-4.99625 -3.66987
-4.99974 -3.56993
-4.99625 -3.46999
-4.99974 -3.37006
-4.99625 -3.27012
-4.99974 -3.17018
-4.99625 -3.07024
-4.99974 -2.9703
-4.99625 -2.87036
-4.99974 -2.77042
-4.99625 -2.67048
-4.99974 -2.57054
-4.99625 -2.4706
-4.99974 -2.37066
-4.99625 -2.27073
-4.99974 -2.17079
-4.99625 -2.07085
-4.99974 -1.97091
-4.99625 -1.87097
-4.99974 -1.77103
-4.99625 -1.67109
-4.99974 -1.57115
-4.99625 -1.47121
-4.99974 -1.37127
-4.99625 -1.27133
-4.99974 -1.1714
-4.99625 -1.07146
-4.99974 -0.971517
-4.99625 -0.871578
-4.99974 -0.771639
-4.99625 -0.6717
-4.99974 -0.571761
-4.99625 -0.471822
-4.99974 -0.371883
-4.99625 -0.271944
-4.99974 -0.172005
-4.99625 -0.0720655
-4.99974 0.0278736
-4.99625 0.127813
-4.99974 0.227752
-4.99625 0.327691
-4.99974 0.42763
-4.99625 0.527569
-4.99974 0.627508
-4.99625 0.727447
-4.99974 0.827386
-4.99625 0.927325
-4.99974 1.02726
-4.99625 1.1272
-4.99974 1.22714
-4.99625 1.32708
-4.99974 1.42702
-4.99625 1.52696
-4.99974 1.6269
-4.99625 1.72684
-4.99974 1.82678
-4.99625 1.92672
-4.99974 2.02666
-4.99625 2.12659
-4.99974 2.22653
-4.99625 2.32647
-4.99974 2.42641
-4.99625 2.52635
-4.99974 2.62629
-4.99625 2.72623
-4.99974 2.82617
-4.99625 2.92611
-4.99974 3.02605
-4.99625 3.12599
-4.99974 3.22592
-4.99625 3.32586
-4.99974 3.4258
-4.99625 3.52574
-4.99974 3.62568
-4.99625 3.72562
-4.99974 3.82556
-4.99625 3.9255
-4.99974 4.02544
-4.99625 4.12538
-4.99974 4.22532
-4.99625 4.32525
-4.99974 4.42519
-4.99625 4.52513
-4.99974 4.62507
-4.99625 4.72501
-4.99974 4.82495
-4.99625 4.92489
-4.92934 4.9992
-4.82934 4.9992
-4.72934 4.9992
-4.62934 4.9992
-4.52934 4.9992
-4.42934 4.9992
-4.32934 4.9992
-4.22934 4.9992
-4.12934 4.9992
-4.02934 4.9992
-3.92934 4.9992
-3.82934 4.9992
-3.72934 4.9992
-3.62934 4.9992
-3.52934 4.9992
-3.42934 4.9992
-3.32934 4.9992
-3.22934 4.9992
-3.12934 4.9992
-3.02934 4.9992
-2.92934 4.9992
-2.82934 4.9992
-2.72934 4.9992
-2.62934 4.9992
-2.52934 4.9992
-2.42934 4.9992
-2.32934 4.9992
-2.22934 4.9992
-2.12934 4.9992
-2.02934 4.9992
-1.92934 4.9992
-1.82934 4.9992
-1.72934 4.9992
-1.62934 4.9992
-1.52934 4.9992
-1.42934 4.9992
-1.32934 4.9992
-1.22934 4.9992
-1.12934 4.9992
-1.02934 4.9992
-0.929337 4.9992
-0.829337 4.9992
-0.729337 4.9992
-0.629337 4.9992
-0.529337 4.9992
-0.429337 4.9992
-0.329337 4.9992
-0.229337 4.9992
-0.129337 4.9992
-0.0293366 4.9992
0.0706634 4.9992
0.170663 4.9992
0.270663 4.9992
0.370663 4.9992
0.470663 4.9992
0.570663 4.9992
0.670663 4.9992
0.770663 4.9992
0.870663 4.9992
0.970663 4.9992
1.07066 4.9992
1.17066 4.9992
1.27066 4.9992
1.37066 4.9992
1.47066 4.9992
1.57066 4.9992
1.67066 4.9992
1.77066 4.9992
1.87066 4.9992
1.97066 4.9992
2.07066 4.9992
2.17066 4.9992
2.27066 4.9992
2.37066 4.9992
2.47066 4.9992
2.57066 4.9992
2.67066 4.9992
2.77066 4.9992
2.87066 4.9992
2.97066 4.9992
3.07066 4.9992
3.17066 4.9992
3.27066 4.9992
3.37066 4.9992
3.47066 4.9992
3.57066 4.9992
3.67066 4.9992
3.77066 4.9992
3.87066 4.9992
3.97066 4.9992
4.07066 4.9992
4.17066 4.9992
4.27066 4.9992
4.37066 4.9992
4.47066 4.9992
4.57066 4.9992
4.67066 4.9992
4.77066 4.9992
4.87066 4.9992
4.97066 4.9992
5.07066 4.9992
5.17066 4.9992
5.27066 4.9992
5.37066 4.9992
5.47066 4.9992
5.57066 4.9992
5.67066 4.9992
5.77066 4.9992
5.87066 4.9992
5.97066 4.9992
6.07066 4.9992
6.17066 4.9992
6.27066 4.9992
6.37066 4.9992
6.47066 4.9992
6.57066 4.9992
6.67066 4.9992
6.77066 4.9992
6.87066 4.9992
6.97066 4.9992
7.07066 4.9992
7.17066 4.9992
7.27066 4.9992
7.37066 4.9992
7.47066 4.9992
7.57066 4.9992
7.67066 4.9992
7.77066 4.9992
7.87066 4.9992
7.97066 4.9992
8.07066 4.9992
8.17066 4.9992
8.27066 4.9992
8.37066 4.9992
8.47066 4.9992
8.57066 4.9992
8.67066 4.9992
8.77066 4.9992
8.87066 4.9992
8.97066 4.9992
8.99486 4.90217
8.99835 4.80223
8.99486 4.7023
8.99835 4.60236
8.99486 4.50242
8.99835 4.40248
8.99486 4.30254
8.99835 4.2026
8.99486 4.10266
8.99835 4.00272
8.99486 3.90278
8.99835 3.80284
8.99486 3.7029
8.99835 3.60297
8.99486 3.50303
8.99835 3.40309
8.99486 3.30315
8.99835 3.20321
8.99486 3.10327
8.99835 3.00333
8.99486 2.90339
8.99835 2.80345
8.99486 2.70351
8.99835 2.60357
8.99486 2.50364
8.99835 2.4037
8.99486 2.30376
8.99835 2.20382
8.99486 2.10388
8.99835 2.00394
8.99486 1.904
8.99835 1.80406
8.99486 1.70412
8.99835 1.60418
8.99486 1.50424
8.99835 1.40431
8.99486 1.30437
8.99835 1.20443
8.99486 1.10449
8.99835 1.00455
8.99486 0.90461
8.99835 0.804671
8.99486 0.704732
8.99835 0.604793
8.99486 0.504854
8.99835 0.404915
8.99486 0.304976
8.99835 0.205037
8.99486 0.105098
8.99835 0.00515849
9.0981 -0.00181716
9.1981 -0.00181716
9.2981 -0.00181716
9.3981 -0.00181716
9.4981 -0.00181716
9.5981 -0.00181716
9.6981 -0.00181716
9.7981 -0.00181716
9.8981 -0.00181716
9.9981 -0.00181716
10.0016 0.0981219
10.0051 0.198061
10.0016 0.298
10.0051 0.397939
10.0016 0.497878
10.0051 0.597817
10.0016 0.697756
10.0051 0.797696
10.0016 0.897635
10.0051 0.997574
10.0016 1.09751
10.0051 1.19745
10.0016 1.29739
10.0051 1.39733
10.0016 1.49727
10.0051 1.59721
10.0016 1.69715
10.0051 1.79709
10.0016 1.89703
10.0051 1.99696
10.0016 2.0969
10.0051 2.19684
10.0016 2.29678
10.0051 2.39672
10.0016 2.49666
10.0051 2.5966
10.0016 2.69654
10.0051 2.79648
10.0016 2.89642
10.0051 2.99636
10.0016 3.09629
10.0051 3.19623
10.0016 3.29617
10.0051 3.39611
10.0016 3.49605
10.0051 3.59599
10.0016 3.69593
10.0051 3.79587
10.0016 3.89581
10.0051 3.99575
10.0016 4.09569
10.0051 4.19562
10.0016 4.29556
10.0051 4.3955
10.0016 4.49544
10.0051 4.59538
10.0016 4.69532
10.0051 4.79526
10.0016 4.8952
10.0051 4.99514
10.1051 4.99514
10.2051 4.99514
10.3051 4.99514
10.4051 4.99514
10.5051 4.99514
10.6051 4.99514
10.7051 4.99514
10.8051 4.99514
10.9051 4.99514
11.0051 4.99514
11.1051 4.99514
11.2051 4.99514
11.3051 4.99514
11.4051 4.99514
11.5051 4.99514
11.6051 4.99514
11.7051 4.99514
11.8051 4.99514
11.9051 4.99514
12.0051 4.99514
12.1051 4.99514
12.2051 4.99514
12.3051 4.99514
12.4051 4.99514
12.5051 4.99514
12.6051 4.99514
12.7051 4.99514
12.8051 4.99514
12.9051 4.99514
13.0051 4.99514
13.1051 4.99514
13.2051 4.99514
13.3051 4.99514
13.4051 4.99514
13.5051 4.99514
13.6051 4.99514
13.7051 4.99514
13.8051 4.99514
13.9051 4.99514
14.0051 4.99514
14.1051 4.99514
14.2051 4.99514
14.3051 4.99514
14.4051 4.99514
14.5051 4.99514
14.6051 4.99514
14.7051 4.99514
14.8051 4.99514
14.9051 4.99514
15.0051 4.99514
15.1051 4.99514
15.2051 4.99514
15.3051 4.99514
15.4051 4.99514
15.5051 4.99514
15.6051 4.99514
15.7051 4.99514
15.8051 4.99514
15.9051 4.99514
16.0051 4.99514
16.1051 4.99514
16.2051 4.99514
16.3051 4.99514
16.4051 4.99514
16.5051 4.99514
16.6051 4.99514
16.7051 4.99514
16.8051 4.99514
16.9051 4.99514
17.0051 4.99514
17.1051 4.99514
17.2051 4.99514
17.3051 4.99514
17.4051 4.99514
17.5051 4.99514
17.6051 4.99514
17.7051 4.99514
17.8051 4.99514
17.9051 4.99514
18.0051 4.99514
18.1051 4.99514
18.2051 4.99514
18.3051 4.99514
18.4051 4.99514
18.5051 4.99514
18.6051 4.99514
18.7051 4.99514
18.8051 4.99514
18.9051 4.99514
18.9991 4.96093
18.9956 4.861
18.9991 4.76106
18.9956 4.66112
18.9991 4.56118
18.9956 4.46124
18.9991 4.3613
18.9956 4.26136
18.9991 4.16142
18.9956 4.06148
18.9991 3.96154
18.9956 3.86161
18.9991 3.76167
18.9956 3.66173
18.9991 3.56179
18.9956 3.46185
18.9991 3.36191
18.9956 3.26197
18.9991 3.16203
18.9956 3.06209
18.9991 2.96215
18.9956 2.86221
18.9991 2.76228
18.9956 2.66234
18.9991 2.5624
18.9956 2.46246
18.9991 2.36252
18.9956 2.26258
18.9991 2.16264
18.9956 2.0627
18.9991 1.96276
18.9956 1.86282
18.9991 1.76288
18.9956 1.66295
18.9991 1.56301
18.9956 1.46307
18.9991 1.36313
18.9956 1.26319
18.9991 1.16325
18.9956 1.06331
18.9991 0.963372
18.9956 0.863433
18.9991 0.763493
18.9956 0.663554
18.9991 0.563615
18.9956 0.463676
18.9991 0.363737
18.9956 0.263798
18.9991 0.163859
18.9956 0.0639199
19.0722 -0.000358849
19.1722 -0.000358849
19.2722 -0.000358849
19.3722 -0.000358849
19.4722 -0.000358849
19.5722 -0.000358849
19.6722 -0.000358849
19.7722 -0.000358849
19.8722 -0.000358849
19.9722 -0.000358849
20.0031 0.0947468
20.0066 0.194686
20.0031 0.294625
20.0066 0.394564
20.0031 0.494503
20.0066 0.594442
20.0031 0.694381
20.0066 0.79432
20.0031 0.894259
20.0066 0.994199
20.0031 1.09414
20.0066 1.19408
20.0031 1.29402
20.0066 1.39395
20.0031 1.49389
20.0066 1.59383
20.0031 1.69377
20.0066 1.79371
20.0031 1.89365
20.0066 1.99359
20.0031 2.09353
20.0066 2.19347
20.0031 2.29341
20.0066 2.39335
20.0031 2.49328
20.0066 2.59322
20.0031 2.69316
20.0066 2.7931
20.0031 2.89304
20.0066 2.99298
20.0031 3.09292
20.0066 3.19286
20.0031 3.2928
20.0066 3.39274
20.0031 3.49268
20.0066 3.59261
20.0031 3.69255
20.0066 3.79249
20.0031 3.89243
20.0066 3.99237
20.0031 4.09231
20.0066 4.19225
20.0031 4.29219
20.0066 4.39213
20.0031 4.49207
20.0066 4.59201
20.0031 4.69194
20.0066 4.79188
20.0031 4.89182
20.0066 4.99176
20.1063 4.99874
20.2063 4.99874
20.3063 4.99874
20.4063 4.99874
20.5063 4.99874
20.6063 4.99874
20.7063 4.99874
20.8063 4.99874
20.9063 4.99874
21.0063 4.99874
21.1063 4.99874
21.2063 4.99874
21.3063 4.99874
21.4063 4.99874
21.5063 4.99874
21.6063 4.99874
21.7063 4.99874
21.8063 4.99874
21.9063 4.99874
22.0063 4.99874
22.1063 4.99874
22.2063 4.99874
22.3063 4.99874
22.4063 4.99874
22.5063 4.99874
22.6063 4.99874
22.7063 4.99874
22.8063 4.99874
22.9063 4.99874
23.0063 4.99874
23.1063 4.99874
23.2063 4.99874
23.3063 4.99874
23.4063 4.99874
23.5063 4.99874
23.6063 4.99874
23.7063 4.99874
23.8063 4.99874
23.9063 4.99874
24.0063 4.99874
24.1063 4.99874
24.2063 4.99874
24.3063 4.99874
24.4063 4.99874
24.5063 4.99874
24.6063 4.99874
24.7063 4.99874
24.8063 4.99874
24.9063 4.99874
25.0063 4.99874
25.1063 4.99874
25.2063 4.99874
25.3063 4.99874
25.4063 4.99874
25.5063 4.99874
25.6063 4.99874
25.7063 4.99874
25.8063 4.99874
25.9063 4.99874
26.0063 4.99874
26.1063 4.99874
26.2063 4.99874
26.3063 4.99874
26.4063 4.99874
26.5063 4.99874
26.6063 4.99874
26.7063 4.99874
26.8063 4.99874
26.9063 4.99874
27.0063 4.99874
27.1063 4.99874
27.2063 4.99874
27.3063 4.99874
27.4063 4.99874
27.5063 4.99874
27.6063 4.99874
27.7063 4.99874
27.8063 4.99874
27.9063 4.99874
28.0063 4.99874
28.1063 4.99874
28.2063 4.99874
28.3063 4.99874
28.4063 4.99874
28.5063 4.99874
28.6063 4.99874
28.7063 4.99874
28.8063 4.99874
28.9063 4.99874
28.9977 4.95806
28.9942 4.85812
28.9977 4.75819
28.9942 4.65825
28.9977 4.55831
28.9942 4.45837
28.9977 4.35843
28.9942 4.25849
28.9977 4.15855
28.9942 4.05861
28.9977 3.95867
28.9942 3.85873
28.9977 3.75879
28.9942 3.65886
28.9977 3.55892
28.9942 3.45898
28.9977 3.35904
28.9942 3.2591
28.9977 3.15916
28.9942 3.05922
28.9977 2.95928
28.9942 2.85934
28.9977 2.7594
28.9942 2.65946
28.9977 2.55953
28.9942 2.45959
28.9977 2.35965
28.9942 2.25971
28.9977 2.15977
28.9942 2.05983
28.9977 1.95989
28.9942 1.85995
28.9977 1.76001
28.9942 1.66007
28.9977 1.56014
28.9942 1.4602
28.9977 1.36026
28.9942 1.26032
28.9977 1.16038
28.9942 1.06044
28.9977 0.960501
28.9942 0.860561
28.9977 0.760622
28.9942 0.660683
28.9977 0.560744
28.9942 0.460805
28.9977 0.360866
28.9942 0.260927
28.9977 0.160988
28.9942 0.0610488
29.0708 -0.00322997
29.1708 -0.00322997
29.2708 -0.00322997
29.3708 -0.00322997
29.4708 -0.00322997
29.5708 -0.00322997
29.6708 -0.00322997
29.7708 -0.00322997
29.8708 -0.00322997
29.9708 -0.00322997
30.0017 0.0918757
30.0052 0.191815
30.1051 0.187977
30.205 0.18414
30.305 0.180302
30.4049 0.176465
30.5048 0.172628
30.6047 0.16879
30.7047 0.164953
30.8046 0.161115
30.9045 0.157278
31.0044 0.15344
31.1044 0.149603
31.2043 0.145765
31.3042 0.141928
31.4041 0.138091
31.5041 0.134253
31.604 0.130416
31.7039 0.126578
31.8038 0.122741
31.9038 0.118903
32.0037 0.115066
32.1036 0.111229
32.2036 0.107391
32.3035 0.103554
32.4034 0.0997162
32.5033 0.0958787
32.6033 0.0920413
32.7032 0.0882039
32.8031 0.0843664
32.903 0.080529
33.003 0.0766915
33.1029 0.0728541
33.2028 0.0690167
33.3027 0.0651792
33.4027 0.0613418
33.5026 0.0575043
33.6025 0.0536669
33.7024 0.0498295
33.8024 0.045992
33.9023 0.0421546
34.0022 0.0383171
34.1022 0.0344797
34.2021 0.0306422
34.302 0.0268048
34.4019 0.0229674
34.5019 0.0191299
34.6018 0.0152925
34.7017 0.011455
34.8016 0.0076176
34.9016 0.00378016
