0 0
0.1 0
0.2 0
0.3 0
0.4 0
0.5 0
0.6 0
0.7 0
0.8 0
0.9 0
1 0
1.1 0
1.2 0
1.3 0
1.4 0
1.5 0
1.6 0
1.7 0
1.8 0
1.9 0
2 0
2.1 0
2.2 0
2.3 0
2.4 0
2.5 0
2.6 0
2.7 0
2.8 0
2.9 0
3 0
3.1 0
3.2 0
3.3 0
3.4 0
3.5 0
3.6 0
3.7 0
3.8 0
3.9 0
3.99976 0.00697565
3.99627 0.106915
3.99976 0.206854
3.99627 0.306793
3.99976 0.406732
3.99627 0.506671
3.99976 0.60661
3.99627 0.706549
3.99976 0.806488
3.99627 0.906427
4.02717 1.00153
4.12717 1.00153
4.22717 1.00153
4.32717 1.00153
4.42717 1.00153
4.52717 1.00153
4.62717 1.00153
4.72717 1.00153
4.82717 1.00153
4.92717 1.00153
5.00377 0.937254
5.00028 0.837315
5.00377 0.737376
5.00028 0.637437
5.00377 0.537498
5.00028 0.437559
5.00377 0.33762
5.00028 0.237681
5.00377 0.137742
5.00028 0.0378025
5.10028 0.0376765
5.20028 0.0375505
5.30028 0.0374245
5.40028 0.0372985
5.50028 0.0371725
5.60028 0.0370465
5.70028 0.0369205
5.80028 0.0367945
5.90028 0.0366685
6.00028 0.0365424
6.10028 0.0364164
6.20028 0.0362904
6.30028 0.0361644
6.40028 0.0360384
6.50028 0.0359124
6.60028 0.0357864
6.70028 0.0356604
6.80028 0.0355344
6.90028 0.0354084
7.00028 0.0352823
7.10028 0.0351563
7.20028 0.0350303
7.30028 0.0349043
7.40028 0.0347783
7.50028 0.0346523
7.60028 0.0345263
7.70028 0.0344003
7.80028 0.0342743
7.90028 0.0341483
8.00028 0.0340223
8.10028 0.0338962
8.20028 0.0337702
8.30028 0.0336442
8.40028 0.0335182
8.50028 0.0333922
8.60028 0.0332662
8.70028 0.0331402
8.80028 0.0330142
8.90028 0.0328882
8.99932 0.0466807
8.99596 0.146624
8.99958 0.246559
8.99621 0.346502
8.99983 0.446437
8.99646 0.54638
8.9931 0.646323
8.99672 0.746258
8.99335 0.846202
8.99697 0.946136
8.9936 1.04608
8.99722 1.14601
8.99386 1.24596
8.99747 1.34589
8.99411 1.44584
8.99772 1.54577
8.99436 1.64571
8.99797 1.74565
8.99461 1.84559
8.99823 1.94553
8.99486 2.04547
8.99848 2.1454
8.99511 2.24535
8.99873 2.34528
8.99537 2.44523
8.99898 2.54516
8.99562 2.6451
8.99923 2.74504
8.99587 2.84498
8.99949 2.94492
8.99612 3.04486
8.99974 3.14479
8.99637 3.24474
8.99999 3.34467
8.99663 3.44462
8.99326 3.54456
8.99688 3.64449
8.99351 3.74444
8.99713 3.84437
8.99377 3.94432
8.99738 4.04425
8.99402 4.14419
8.99763 4.24413
8.99427 4.34407
8.99788 4.44401
8.99452 4.54395
8.99814 4.64388
8.99477 4.74383
8.99839 4.84376
8.99502 4.94371
8.91029 4.9968
8.81029 4.99693
8.71029 4.99706
8.61029 4.99718
8.51029 4.99731
8.41029 4.99743
8.31029 4.99756
8.21029 4.99769
8.11029 4.99781
8.01029 4.99794
7.91029 4.99806
7.81029 4.99819
7.71029 4.99832
7.61029 4.99844
7.51029 4.99857
7.41029 4.99869
7.31029 4.99882
7.21029 4.99895
7.11029 4.99907
7.01029 4.9992
6.91029 4.99932
6.81029 4.99945
6.71029 4.99958
6.61029 4.9997
6.51029 4.99983
6.41029 4.99995
6.31052 4.9931
6.21052 4.99323
6.11052 4.99336
6.01052 4.99348
5.91052 4.99361
5.81052 4.99373
5.71052 4.99386
5.61052 4.99399
5.51052 4.99411
5.41052 4.99424
5.31052 4.99436
5.21052 4.99449
5.11052 4.99462
5.01052 4.99474
4.91052 4.99487
4.81052 4.99499
4.71052 4.99512
4.61052 4.99525
4.51053 4.99537
4.41053 4.9955
4.31053 4.99562
4.21053 4.99575
4.11053 4.99588
4.01053 4.996
3.91053 4.99613
3.81053 4.99625
3.71053 4.99638
3.61053 4.99651
3.51053 4.99663
3.41053 4.99676
3.31053 4.99688
3.21053 4.99701
3.11053 4.99714
3.01053 4.99726
2.91053 4.99739
2.81053 4.99751
2.71053 4.99764
2.61053 4.99777
2.51053 4.99789
2.41053 4.99802
2.31053 4.99814
2.21053 4.99827
2.11053 4.9984
2.01053 4.99852
1.91053 4.99865
1.81053 4.99877
1.71053 4.9989
1.61053 4.99903
1.51053 4.99915
1.41053 4.99928
1.31053 4.9994
1.21053 4.99953
1.11053 4.99966
1.01053 4.99978
0.910528 4.99991
0.810763 4.99306
0.710763 4.99318
0.610763 4.99331
0.510763 4.99344
0.410763 4.99356
0.310763 4.99369
0.210763 4.99381
0.110763 4.99394
0.0107634 4.99407
-0.0892365 4.99419
-0.189236 4.99432
-0.289236 4.99444
-0.389236 4.99457
-0.489236 4.9947
-0.589236 4.99482
-0.689236 4.99495
-0.789236 4.99507
-0.889236 4.9952
-0.989236 4.99533
-1.08924 4.99545
-1.18924 4.99558
-1.28924 4.9957
-1.38924 4.99583
-1.48924 4.99596
-1.58924 4.99608
-1.68924 4.99621
-1.78924 4.99633
-1.88924 4.99646
-1.98924 4.99659
-2.08923 4.99671
-2.18923 4.99684
-2.28923 4.99696
-2.38923 4.99709
-2.48923 4.99722
-2.58923 4.99734
-2.68923 4.99747
-2.78923 4.9976
-2.88923 4.99772
-2.98923 4.99785
-3.08923 4.99797
-3.18923 4.9981
-3.28923 4.99823
-3.38923 4.99835
-3.48923 4.99848
-3.58923 4.9986
-3.68923 4.99873
-3.78923 4.99886
-3.88923 4.99898
-3.98923 4.99911
-4.08923 4.99923
-4.18923 4.99936
-4.28923 4.99949
-4.38923 4.99961
-4.48923 4.99974
-4.58923 4.99986
-4.68923 4.99999
-4.789 4.99314
-4.889 4.99327
-4.989 4.99339
-4.99958 4.89395
-4.99621 4.79401
-4.99983 4.69407
-4.99646 4.59413
-4.9931 4.49419
-4.99672 4.39425
-4.99335 4.29431
-4.99697 4.19437
-4.9936 4.09443
-4.99722 3.9945
-4.99386 3.89455
-4.99747 3.79462
-4.99411 3.69468
-4.99772 3.59474
-4.99436 3.4948
-4.99798 3.39486
-4.99461 3.29492
-4.99823 3.19498
-4.99486 3.09504
-4.99848 2.99511
-4.99511 2.89516
-4.99873 2.79523
-4.99537 2.69529
-4.99898 2.59535
-4.99562 2.49541
-4.99923 2.39547
-4.99587 2.29553
-4.99949 2.19559
-4.99612 2.09565
-4.99974 1.99572
-4.99637 1.89577
-4.99999 1.79584
-4.99663 1.6959
-4.99326 1.59595
-4.99688 1.49602
-4.99351 1.39607
-4.99713 1.29614
-4.99377 1.1962
-4.99738 1.09626
-4.99402 0.996318
-4.99763 0.896383
-4.99427 0.79644
-4.99789 0.696505
-4.99452 0.596562
-4.99814 0.496627
-4.99477 0.396684
-4.99839 0.296749
-4.99502 0.196806
-4.99864 0.0968714
-4.99528 -0.00307203
-4.99889 -0.103007
-4.99553 -0.20295
-4.99914 -0.302885
-4.99578 -0.402828
-4.9994 -0.502763
-4.99603 -0.602706
-4.99965 -0.702641
-4.99628 -0.802584
-4.9999 -0.902519
-4.99654 -1.00246
-4.99317 -1.10241
-4.99679 -1.20234
-4.99342 -1.30228
-4.99704 -1.40222
-4.99368 -1.50216
-4.99729 -1.6021
-4.99393 -1.70204
-4.99754 -1.80197
-4.99418 -1.90192
-4.9978 -2.00185
-4.99443 -2.1018
-4.99805 -2.20173
-4.99468 -2.30167
-4.9983 -2.40161
-4.99494 -2.50155
-4.99855 -2.60149
-4.99519 -2.70143
-4.9988 -2.80136
-4.99544 -2.90131
-4.99905 -3.00124
-4.99569 -3.10119
-4.99931 -3.20112
-4.99594 -3.30106
-4.99956 -3.401
-4.99619 -3.50094
-4.99981 -3.60088
-4.99645 -3.70082
-4.99308 -3.80076
-4.9967 -3.9007
-4.99333 -4.00064
-4.99695 -4.10058
-4.99359 -4.20052
-4.9972 -4.30045
-4.99384 -4.4004
-4.99745 -4.50033
-4.99409 -4.60027
-4.99771 -4.70021
-4.99434 -4.80015
-4.99796 -4.90009
-4.98763 -4.99955
-4.88763 -4.99968
-4.78763 -4.9998
-4.68763 -4.99993
-4.58787 -4.99308
-4.48787 -4.99321
-4.38787 -4.99333
-4.28787 -4.99346
-4.18787 -4.99359
-4.08787 -4.99371
-3.98787 -4.99384
-3.88787 -4.99396
-3.78787 -4.99409
-3.68787 -4.99422
-3.58787 -4.99434
-3.48787 -4.99447
-3.38787 -4.99459
-3.28787 -4.99472
-3.18787 -4.99485
-3.08787 -4.99497
-2.98787 -4.9951
-2.88787 -4.99522
-2.78787 -4.99535
-2.68787 -4.99548
-2.58787 -4.9956
-2.48787 -4.99573
-2.38787 -4.99585
-2.28787 -4.99598
-2.18787 -4.99611
-2.08787 -4.99623
-1.98787 -4.99636
-1.88787 -4.99648
-1.78787 -4.99661
-1.68787 -4.99674
-1.58787 -4.99686
-1.48787 -4.99699
-1.38787 -4.99711
-1.28787 -4.99724
-1.18787 -4.99737
-1.08787 -4.99749
-0.987868 -4.99762
-0.887868 -4.99774
-0.787868 -4.99787
-0.687868 -4.998
-0.587868 -4.99812
-0.487868 -4.99825
-0.387869 -4.99837
-0.287869 -4.9985
-0.187869 -4.99863
-0.0878688 -4.99875
0.0121311 -4.99888
0.112131 -4.999
0.212131 -4.99913
0.312131 -4.99926
0.412131 -4.99938
0.512131 -4.99951
0.612131 -4.99963
0.712131 -4.99976
0.81213 -4.99989
0.911896 -4.99304
1.0119 -4.99316
1.1119 -4.99329
1.2119 -4.99341
1.3119 -4.99354
1.4119 -4.99367
1.5119 -4.99379
1.6119 -4.99392
1.71189 -4.99404
1.81189 -4.99417
1.91189 -4.9943
2.01189 -4.99442
2.11189 -4.99455
2.21189 -4.99467
2.31189 -4.9948
2.41189 -4.99493
2.51189 -4.99505
2.61189 -4.99518
2.71189 -4.9953
2.81189 -4.99543
2.91189 -4.99556
3.01189 -4.99568
3.11189 -4.99581
3.21189 -4.99593
3.31189 -4.99606
3.41189 -4.99619
3.51189 -4.99631
3.61189 -4.99644
3.71189 -4.99656
3.81189 -4.99669
3.91189 -4.99682
3.99676 -4.94393
3.9934 -4.84399
3.99702 -4.74405
3.99365 -4.64411
3.99727 -4.54417
3.9939 -4.44423
3.99752 -4.3443
3.99416 -4.24435
3.99777 -4.14442
3.99441 -4.04448
3.99802 -3.94454
3.99466 -3.8446
3.99828 -3.74466
3.99491 -3.64472
3.99853 -3.54478
3.99516 -3.44484
3.99878 -3.34491
3.99542 -3.24496
3.99903 -3.14503
3.99567 -3.04509
3.99928 -2.94515
3.99592 -2.84521
3.99954 -2.74527
3.99617 -2.64533
3.99979 -2.54539
3.99642 -2.44545
3.99306 -2.34551
3.99667 -2.24557
3.99331 -2.14563
3.99693 -2.0457
3.99356 -1.94575
3.99718 -1.84582
3.99381 -1.74587
3.99743 -1.64594
3.99407 -1.546
3.99768 -1.44606
3.99432 -1.34612
3.99793 -1.24618
3.99457 -1.14624
3.99819 -1.04631
3.99482 -0.946362
3.99844 -0.846427
3.99507 -0.746484
3.99869 -0.646549
3.99533 -0.546606
3.99894 -0.446671
3.99558 -0.346728
3.99919 -0.246793
3.99583 -0.14685
3.99945 -0.0469152
3.99608 0.0530282
3.9997 0.152963
3.99633 0.252906
3.99995 0.352841
3.99659 0.452784
3.99322 0.552728
3.99684 0.652662
3.99347 0.752606
3.99709 0.85254
3.99372 0.952484
4.0786 1.00537
4.1786 1.00524
4.2786 1.00512
4.3786 1.00499
4.4786 1.00486
4.5786 1.00474
4.6786 1.00461
4.7786 1.00449
4.8786 1.00436
4.9786 1.00423
5.00267 0.907175
5.00603 0.807231
5.00241 0.707297
5.00578 0.607353
5.00216 0.507419
5.00553 0.407475
5.00191 0.307541
5.00527 0.207597
5.00166 0.107663
5.00502 0.00771911
5.00141 -0.0922155
5.00477 -0.192159
5.00115 -0.292093
5.00452 -0.392037
5.0009 -0.491972
5.00427 -0.591915
5.00065 -0.69185
5.00401 -0.791793
5.0004 -0.891728
5.00376 -0.991671
5.00015 -1.09161
5.00351 -1.19155
5.00688 -1.29149
5.00326 -1.39143
5.00662 -1.49137
5.00301 -1.5913
5.00637 -1.69125
5.00276 -1.79118
5.00612 -1.89113
5.0025 -1.99106
5.00587 -2.091
5.00225 -2.19094
5.00562 -2.29088
5.002 -2.39082
5.00536 -2.49076
5.00175 -2.59069
5.00511 -2.69064
5.0015 -2.79057
5.00486 -2.89052
5.00124 -2.99045
5.00461 -3.09039
5.00099 -3.19033
5.00436 -3.29027
5.00074 -3.39021
5.0041 -3.49015
5.00049 -3.59009
5.00385 -3.69003
5.00024 -3.78996
5.0036 -3.88991
5.00696 -3.98985
5.00335 -4.08978
5.00671 -4.18973
5.0031 -4.28966
5.00646 -4.38961
5.00285 -4.48954
5.00621 -4.58948
5.00259 -4.68942
5.00596 -4.78936
5.00234 -4.8893
5.00571 -4.98924
5.10545 -4.99634
5.20545 -4.99647
5.30545 -4.99659
5.40545 -4.99672
5.50545 -4.99685
5.60545 -4.99697
5.70545 -4.9971
5.80545 -4.99722
5.90545 -4.99735
6.00545 -4.99748
6.10545 -4.9976
6.20545 -4.99773
6.30545 -4.99785
6.40545 -4.99798
6.50545 -4.99811
6.60545 -4.99823
6.70545 -4.99836
6.80545 -4.99848
6.90545 -4.99861
7.00545 -4.99874
7.10545 -4.99886
7.20545 -4.99899
7.30545 -4.99911
7.40545 -4.99924
7.50545 -4.99937
7.60545 -4.99949
7.70545 -4.99962
7.80545 -4.99974
7.90545 -4.99987
8.00545 -5
8.10522 -4.99315
8.20522 -4.99327
8.30522 -4.9934
8.40522 -4.99352
8.50522 -4.99365
8.60522 -4.99378
8.70522 -4.9939
8.80522 -4.99403
8.90522 -4.99415
9.00522 -4.99428
9.10522 -4.99441
9.20521 -4.99453
9.30521 -4.99466
9.40521 -4.99478
9.50521 -4.99491
9.60521 -4.99504
9.70521 -4.99516
9.80521 -4.99529
9.90521 -4.99541
10.0052 -4.99554
10.1052 -4.99567
10.2052 -4.99579
10.3052 -4.99592
10.4052 -4.99604
10.5052 -4.99617
10.6052 -4.9963
10.7052 -4.99642
10.8052 -4.99655
10.9052 -4.99667
11.0052 -4.9968
11.1052 -4.99693
11.2052 -4.99705
11.3052 -4.99718
11.4052 -4.9973
11.5052 -4.99743
11.6052 -4.99756
11.7052 -4.99768
11.8052 -4.99781
11.9052 -4.99793
12.0052 -4.99806
12.1052 -4.99819
12.2052 -4.99831
12.3052 -4.99844
12.4052 -4.99856
12.5052 -4.99869
12.6052 -4.99882
12.7052 -4.99894
12.8052 -4.99907
12.9052 -4.99919
13.0052 -4.99932
13.1052 -4.99945
13.2052 -4.99957
13.3052 -4.9997
13.4052 -4.99982
13.5052 -4.99995
13.605 -4.9931
13.705 -4.99323
13.805 -4.99335
13.905 -4.99348
13.999 -4.95939
13.9956 -4.85945
13.9992 -4.75952
13.9959 -4.65957
13.9995 -4.55964
13.9961 -4.4597
13.9997 -4.35976
13.9964 -4.25982
14 -4.15988
13.9966 -4.05994
13.9933 -3.96
13.9969 -3.86006
13.9935 -3.76012
13.9971 -3.66018
13.9938 -3.56024
13.9974 -3.46031
13.994 -3.36036
13.9976 -3.26043
13.9943 -3.16048
13.9979 -3.06055
13.9945 -2.96061
13.9981 -2.86067
13.9948 -2.76073
13.9984 -2.66079
13.995 -2.56085
13.9986 -2.46092
13.9953 -2.36097
13.9989 -2.26104
13.9955 -2.16109
13.9992 -2.06116
13.9958 -1.96122
13.9994 -1.86128
13.996 -1.76134
13.9997 -1.6614
13.9963 -1.56146
13.9999 -1.46153
13.9965 -1.36158
13.9932 -1.26164
13.9968 -1.1617
13.9934 -1.06176
13.997 -0.961826
13.9937 -0.861882
13.9973 -0.761948
13.9939 -0.662004
13.9975 -0.56207
13.9942 -0.462126
13.9978 -0.362192
13.9944 -0.262248
13.9981 -0.162314
13.9947 -0.0623702
13.9979 0.0375788
13.9941 0.137507
13.9973 0.237456
13.9935 0.337384
13.9967 0.437333
13.9999 0.537282
13.9961 0.637211
13.9993 0.73716
13.9955 0.837088
13.9987 0.937037
14.0751 1.00154
14.1751 1.00184
14.2751 1.00214
14.3751 1.00243
14.4751 1.00273
14.5751 1.00303
14.6751 1.00332
14.7751 1.00362
14.8751 1.00392
14.9751 1.00422
15.0063 0.909202
15.0031 0.809253
15.0069 0.709324
15.0037 0.609375
15.0005 0.509426
15.0043 0.409498
15.0011 0.309549
15.0049 0.209621
15.0017 0.109672
15.0055 0.00974358
15.1055 0.00969485
15.2055 0.00964612
15.3055 0.00959739
15.4055 0.00954866
15.5055 0.00949993
15.6055 0.00945119
15.7055 0.00940246
15.8055 0.00935373
15.9055 0.009305
16.0055 0.00925627
16.1055 0.00920754
16.2055 0.00915881
16.3055 0.00911008
16.4055 0.00906134
16.5055 0.00901261
16.6055 0.00896388
16.7055 0.00891515
16.8055 0.00886642
16.9055 0.00881769
17.0055 0.00876896
17.1055 0.00872023
17.2055 0.00867149
17.3055 0.00862276
17.4055 0.00857403
17.5055 0.0085253
17.6055 0.00847657
17.7055 0.00842784
17.8055 0.00837911
17.9055 0.00833038
18.0055 0.00828164
18.1055 0.00823291
18.2055 0.00818418
18.3055 0.00813545
18.4055 0.00808672
18.5055 0.00803799
18.6055 0.00798926
18.7055 0.00794053
18.8055 0.00789179
18.9055 0.00784306
18.9995 0.0419993
18.9962 0.141947
19 0.241877
18.9968 0.341825
18.9935 0.441773
18.9973 0.541702
18.9941 0.64165
18.9978 0.74158
18.9946 0.841528
18.9983 0.941457
18.9951 1.0414
18.9989 1.14133
18.9956 1.24128
18.9994 1.34121
18.9962 1.44116
18.9999 1.54109
18.9967 1.64104
18.9935 1.74099
18.9972 1.84091
18.994 1.94086
18.9977 2.04079
18.9945 2.14074
18.9983 2.24067
18.995 2.34062
18.9988 2.44055
18.9955 2.5405
18.9993 2.64042
18.9961 2.74037
18.9998 2.8403
18.9966 2.94025
18.9934 3.0402
18.9971 3.14013
18.9939 3.24008
18.9976 3.34001
18.9944 3.43995
18.9982 3.53988
18.9949 3.63983
18.9987 3.73976
18.9955 3.83971
18.9992 3.93964
18.996 4.03959
18.9997 4.13952
18.9965 4.23946
18.9933 4.33941
18.997 4.43934
18.9938 4.53929
18.9976 4.63922
18.9943 4.73917
18.9981 4.8391
18.9949 4.93904
18.9141 4.99803
18.8141 4.9983
18.7141 4.99856
18.6141 4.99882
18.5141 4.99908
18.4141 4.99935
18.3141 4.99961
18.2141 4.99987
18.1143 4.99316
18.0143 4.99342
17.9143 4.99368
17.8143 4.99395
17.7143 4.99421
17.6143 4.99447
17.5143 4.99473
17.4143 4.99499
17.3143 4.99526
17.2143 4.99552
17.1144 4.99578
17.0144 4.99604
16.9144 4.99631
16.8144 4.99657
16.7144 4.99683
16.6144 4.99709
16.5144 4.99736
16.4144 4.99762
16.3144 4.99788
16.2144 4.99814
16.1144 4.99841
16.0144 4.99867
15.9144 4.99893
15.8144 4.99919
15.7144 4.99946
15.6144 4.99972
15.5144 4.99998
15.4146 4.99327
15.3146 4.99353
15.2146 4.99379
15.1146 4.99406
15.0146 4.99432
14.9146 4.99458
14.8146 4.99484
14.7146 4.99511
14.6146 4.99537
14.5146 4.99563
14.4146 4.99589
14.3146 4.99616
14.2146 4.99642
14.1146 4.99668
14.0146 4.99694
13.9146 4.99721
13.8146 4.99747
13.7146 4.99773
13.6146 4.99799
13.5146 4.99826
13.4146 4.99852
13.3146 4.99878
13.2146 4.99904
13.1146 4.99931
13.0146 4.99957
12.9146 4.99983
12.8148 4.99312
12.7148 4.99338
12.6148 4.99364
12.5148 4.9939
12.4148 4.99417
12.3148 4.99443
12.2148 4.99469
12.1148 4.99495
12.0148 4.99522
11.9148 4.99548
11.8148 4.99574
11.7148 4.996
11.6148 4.99627
11.5148 4.99653
11.4148 4.99679
11.3148 4.99705
11.2148 4.99732
11.1148 4.99758
11.0148 4.99784
10.9148 4.9981
10.8148 4.99837
10.7148 4.99863
10.6148 4.99889
10.5148 4.99915
10.4148 4.99942
10.3148 4.99968
10.2148 4.99994
10.1151 4.99323
10.0151 4.99349
10.0043 4.89407
10.0006 4.79414
10.0038 4.69419
10.0001 4.59426
10.0033 4.49431
10.0065 4.39436
10.0028 4.29443
10.006 4.19449
10.0022 4.09456
10.0055 3.99461
10.0017 3.89468
10.0049 3.79473
10.0012 3.6948
10.0044 3.59485
10.0007 3.49492
10.0039 3.39498
10.0001 3.29505
10.0034 3.1951
10.0066 3.09515
10.0028 2.99522
10.0061 2.89527
10.0023 2.79534
10.0055 2.6954
10.0018 2.59547
10.005 2.49552
10.0013 2.39559
10.0045 2.29564
10.0007 2.19571
10.004 2.09576
10.0002 1.99583
10.0034 1.89589
10.0067 1.79594
10.0029 1.69601
10.0061 1.59606
10.0024 1.49613
10.0056 1.39618
10.0019 1.29625
10.0051 1.1963
10.0013 1.09638
10.0046 0.996427
10.0008 0.896498
10.0041 0.79655
10.0003 0.69662
10.0035 0.596672
10.0068 0.496725
10.003 0.396795
10.0062 0.296847
10.0025 0.196918
10.0057 0.0969696
9.98808 -0.00146522
9.88808 -0.00120274
9.78808 -0.000940253
9.68808 -0.000677767
9.58808 -0.000415281
9.48808 -0.000152796
9.38831 -0.00686657
9.28831 -0.00660409
9.18831 -0.0063416
9.08831 -0.00607912
8.99706 0.0348342
8.99383 0.134782
8.99759 0.234712
8.99436 0.33466
8.99811 0.434589
8.99488 0.534537
8.99864 0.634467
8.99541 0.734415
8.99916 0.834344
8.99593 0.934292
8.99969 1.03422
8.99646 1.13417
8.99323 1.23412
8.99698 1.33405
8.99375 1.43399
8.99751 1.53392
8.99428 1.63387
8.99803 1.7338
8.9948 1.83375
8.99856 1.93368
8.99533 2.03363
8.99908 2.13356
8.99585 2.2335
8.99961 2.33343
8.99638 2.43338
8.99315 2.53333
8.9969 2.63326
8.99368 2.73321
8.99743 2.83314
8.9942 2.93309
8.99795 3.03301
8.99472 3.13296
8.99848 3.23289
8.99525 3.33284
8.999 3.43277
8.99577 3.53272
8.99953 3.63265
8.9963 3.7326
8.99307 3.83254
8.99682 3.93247
8.9936 4.03242
8.99735 4.13235
8.99412 4.2323
8.99787 4.33223
8.99464 4.43218
8.9984 4.5321
8.99517 4.63205
8.99892 4.73198
8.99569 4.83193
8.99945 4.93186
8.92301 4.99634
8.82301 4.9966
8.72301 4.99686
8.62301 4.99713
8.52301 4.99739
8.42301 4.99765
8.32301 4.99791
8.22301 4.99818
8.12301 4.99844
8.02301 4.9987
7.92301 4.99896
7.82301 4.99923
7.72302 4.99949
7.62302 4.99975
7.52324 4.99304
7.42324 4.9933
7.32324 4.99356
7.22324 4.99383
7.12324 4.99409
7.02324 4.99435
6.92324 4.99461
6.82324 4.99488
6.72324 4.99514
6.62324 4.9954
6.52324 4.99566
6.42324 4.99593
6.32325 4.99619
6.22325 4.99645
6.12325 4.99671
6.02325 4.99698
5.92325 4.99724
5.82325 4.9975
5.72325 4.99776
5.62325 4.99803
5.52325 4.99829
5.42325 4.99855
5.32325 4.99881
5.22325 4.99908
5.12325 4.99934
5.02325 4.9996
4.92325 4.99986
4.82348 4.99315
4.72348 4.99341
4.62348 4.99367
4.52348 4.99394
4.42348 4.9942
4.32348 4.99446
4.22348 4.99472
4.12348 4.99499
4.02348 4.99525
3.92348 4.99551
3.82348 4.99577
3.72348 4.99604
3.62348 4.9963
3.52348 4.99656
3.42348 4.99682
3.32348 4.99709
3.22348 4.99735
3.12348 4.99761
3.02348 4.99787
2.92348 4.99814
2.82348 4.9984
2.72348 4.99866
2.62348 4.99892
2.52348 4.99919
2.42348 4.99945
2.32348 4.99971
2.22348 4.99997
2.12371 4.99326
2.02371 4.99352
1.92371 4.99378
1.82371 4.99405
1.72371 4.99431
1.62371 4.99457
1.52371 4.99483
1.42371 4.9951
1.32371 4.99536
1.22371 4.99562
1.12371 4.99588
1.02371 4.99615
0.923714 4.99641
0.823715 4.99667
0.723715 4.99693
0.623715 4.9972
0.523716 4.99746
0.423716 4.99772
0.323716 4.99798
0.223717 4.99825
0.123717 4.99851
0.0237175 4.99877
-0.0762822 4.99903
-0.176282 4.9993
-0.276281 4.99956
-0.376281 4.99982
-0.476056 4.99311
-0.576055 4.99337
-0.676055 4.99363
-0.776054 4.9939
-0.876054 4.99416
-0.976054 4.99442
-1.07605 4.99468
-1.17605 4.99495
-1.27605 4.99521
-1.37605 4.99547
-1.47605 4.99573
-1.57605 4.996
-1.67605 4.99626
-1.77605 4.99652
-1.87605 4.99678
-1.97605 4.99705
-2.07605 4.99731
-2.17605 4.99757
-2.27605 4.99783
-2.37605 4.9981
-2.47605 4.99836
-2.57605 4.99862
-2.67605 4.99888
-2.77605 4.99915
-2.87605 4.99941
-2.97605 4.99967
-3.07605 4.99993
-3.17582 4.99322
-3.27582 4.99348
-3.37582 4.99374
-3.47582 4.99401
-3.57582 4.99427
-3.67582 4.99453
-3.77582 4.99479
-3.87582 4.99506
-3.97582 4.99532
-4.07582 4.99558
-4.17582 4.99584
-4.27582 4.99611
-4.37582 4.99637
-4.47582 4.99663
-4.57582 4.99689
-4.67582 4.99716
-4.77582 4.99742
-4.87582 4.99768
-4.97581 4.99794
-4.99344 4.89951
-4.99719 4.79958
-4.99396 4.69963
-4.99771 4.5997
-4.99449 4.49975
-4.99824 4.39982
-4.99501 4.29988
-4.99876 4.19995
-4.99554 4.1
-4.99929 4.00007
-4.99606 3.90012
-4.99981 3.80019
-4.99659 3.70024
-4.99336 3.6003
-4.99711 3.50037
-4.99388 3.40042
-4.99764 3.30049
-4.99441 3.20054
-4.99816 3.10061
-4.99493 3.00066
-4.99868 2.90073
-4.99546 2.80079
-4.99921 2.70086
-4.99598 2.60091
-4.99973 2.50098
-4.99651 2.40103
-4.99328 2.30108
-4.99703 2.20115
-4.9938 2.10121
-4.99756 2.00128
-4.99433 1.90133
-4.99808 1.8014
-4.99485 1.70145
-4.9986 1.60152
-4.99538 1.50157
-4.99913 1.40164
-4.9959 1.3017
-4.99965 1.20177
-4.99643 1.10182
-4.9932 1.00187
-4.99695 0.901941
-4.99372 0.801993
-4.99748 0.702063
-4.99425 0.602116
-4.998 0.502186
-4.99477 0.402238
-4.99853 0.302309
-4.9953 0.202361
-4.99905 0.102431
-4.99582 0.00248317
-4.99957 -0.0974464
-4.99635 -0.197394
-4.99312 -0.297342
-4.99687 -0.397272
-4.99364 -0.49722
-4.9974 -0.597149
-4.99417 -0.697097
-4.99792 -0.797027
-4.99469 -0.896975
-4.99845 -0.996904
-4.99522 -1.09685
-4.99897 -1.19678
-4.99574 -1.29673
-4.99949 -1.39666
-4.99627 -1.49661
-4.99304 -1.59655
-4.99679 -1.69648
-4.99356 -1.79643
-4.99732 -1.89636
-4.99409 -1.99631
-4.99784 -2.09624
-4.99461 -2.19619
-4.99837 -2.29612
-4.99514 -2.39606
-4.99889 -2.49599
-4.99566 -2.59594
-4.99941 -2.69587
-4.99619 -2.79582
-4.99994 -2.89575
-4.99671 -2.9957
-4.99348 -3.09565
-4.99724 -3.19557
-4.99401 -3.29552
-4.99776 -3.39545
-4.99453 -3.4954
-4.99829 -3.59533
-4.99506 -3.69528
-4.99881 -3.79521
-4.99558 -3.89516
-4.99934 -3.99508
-4.99611 -4.09503
-4.99986 -4.19496
-4.99663 -4.29491
-4.9934 -4.39486
-4.99716 -4.49479
-4.99393 -4.59474
-4.99768 -4.69467
-4.99445 -4.79461
-4.99821 -4.89454
-4.99498 -4.99449
-4.89498 -4.99475
-4.79498 -4.99502
-4.69498 -4.99528
-4.59498 -4.99554
-4.49498 -4.9958
-4.39498 -4.99607
-4.29498 -4.99633
-4.19498 -4.99659
-4.09498 -4.99685
-3.99498 -4.99712
-3.89498 -4.99738
-3.79498 -4.99764
-3.69498 -4.9979
-3.59498 -4.99817
-3.49498 -4.99843
-3.39498 -4.99869
-3.29498 -4.99895
-3.19498 -4.99922
-3.09499 -4.99948
-2.99499 -4.99974
-2.89521 -4.99303
-2.79521 -4.99329
-2.69521 -4.99355
-2.59521 -4.99381
-2.49521 -4.99408
-2.39521 -4.99434
-2.29521 -4.9946
-2.19521 -4.99486
-2.09521 -4.99513
-1.99521 -4.99539
-1.89521 -4.99565
-1.79521 -4.99591
-1.69522 -4.99618
-1.59522 -4.99644
-1.49522 -4.9967
-1.39522 -4.99696
-1.29522 -4.99723
-1.19522 -4.99749
-1.09522 -4.99775
-0.995218 -4.99801
-0.895218 -4.99828
-0.795218 -4.99854
-0.695219 -4.9988
-0.595219 -4.99906
-0.495219 -4.99933
-0.39522 -4.99959
-0.29522 -4.99985
-0.195446 -4.99314
-0.0954461 -4.9934
0.00455353 -4.99366
0.104553 -4.99392
0.204553 -4.99419
0.304552 -4.99445
0.404552 -4.99471
0.504552 -4.99497
0.604551 -4.99524
0.704551 -4.9955
0.804551 -4.99576
0.90455 -4.99602
1.00455 -4.99629
1.10455 -4.99655
1.20455 -4.99681
1.30455 -4.99707
1.40455 -4.99734
1.50455 -4.9976
1.60455 -4.99786
1.70455 -4.99812
1.80455 -4.99839
1.90455 -4.99865
2.00455 -4.99891
2.10455 -4.99917
2.20455 -4.99944
2.30455 -4.9997
2.40455 -4.99996
2.50432 -4.99325
2.60432 -4.99351
2.70432 -4.99377
2.80432 -4.99404
2.90432 -4.9943
3.00432 -4.99456
3.10432 -4.99482
3.20432 -4.99509
3.30432 -4.99535
3.40432 -4.99561
3.50432 -4.99587
3.60432 -4.99614
3.70432 -4.9964
3.80432 -4.99666
3.90431 -4.99692
3.99837 -4.96297
3.99515 -4.86302
3.9989 -4.76309
3.99567 -4.66314
3.99942 -4.56321
3.9962 -4.46326
3.99995 -4.36334
3.99672 -4.26339
3.99349 -4.16344
3.99724 -4.06351
3.99402 -3.96356
3.99777 -3.86363
3.99454 -3.76368
3.99829 -3.66375
3.99507 -3.56381
3.99882 -3.46388
3.99559 -3.36393
3.99934 -3.264
3.99612 -3.16405
3.99987 -3.06412
3.99664 -2.96417
3.99341 -2.86423
3.99716 -2.7643
3.99394 -2.66435
3.99769 -2.56442
3.99446 -2.46447
3.99821 -2.36454
3.99499 -2.26459
3.99874 -2.16466
3.99551 -2.06472
3.99926 -1.96479
3.99604 -1.86484
3.99979 -1.76491
3.99656 -1.66496
3.99333 -1.56501
3.99709 -1.46508
3.99386 -1.36514
3.99761 -1.26521
3.99438 -1.16526
3.99813 -1.06533
3.99491 -0.965381
3.99866 -0.865452
3.99543 -0.765504
3.99918 -0.665574
3.99596 -0.565626
3.99971 -0.465697
3.99648 -0.365749
3.99325 -0.265801
3.99701 -0.165872
3.99378 -0.0659236
3.99753 0.034006
3.9943 0.133954
3.99805 0.233883
3.99483 0.333831
3.99858 0.433761
3.99535 0.533709
3.9991 0.633638
3.99588 0.733586
3.99963 0.833516
3.9964 0.933464
4.06852 1.00274
4.16852 1.00248
4.26852 1.00222
4.36852 1.00195
4.46852 1.00169
4.56852 1.00143
4.66852 1.00117
4.76851 1.0009
4.86851 1.00064
4.96851 1.00038
5.00573 0.907562
5.00198 0.807632
5.00521 0.707684
5.00145 0.607755
5.00468 0.507807
5.00093 0.407877
5.00416 0.307929
5.0004 0.208
5.00363 0.108052
5.00686 0.00810398
5.00311 -0.0918256
5.00634 -0.191773
5.00258 -0.291703
5.00581 -0.391651
5.00206 -0.491581
5.00529 -0.591528
5.00153 -0.691458
5.00476 -0.791406
5.00101 -0.891336
5.00424 -0.991283
5.00048 -1.09121
5.00371 -1.19116
5.00694 -1.29111
5.00319 -1.39104
5.00642 -1.49099
5.00266 -1.59092
5.00589 -1.69086
5.00214 -1.79079
5.00537 -1.89074
5.00161 -1.99067
5.00484 -2.09062
5.00109 -2.19055
5.00432 -2.2905
5.00056 -2.39043
5.00379 -2.49037
5.00004 -2.5903
5.00327 -2.69025
5.00649 -2.7902
5.00274 -2.89013
5.00597 -2.99008
5.00222 -3.09001
5.00545 -3.18995
5.00169 -3.28988
5.00492 -3.38983
5.00117 -3.48976
5.0044 -3.58971
5.00064 -3.68964
5.00387 -3.78959
5.00012 -3.88952
5.00335 -3.98946
5.00657 -4.08941
5.00282 -4.18934
5.00605 -4.28929
5.0023 -4.38922
5.00553 -4.48917
5.00177 -4.5891
5.005 -4.68904
5.00125 -4.78897
5.00448 -4.88892
5.00072 -4.98885
5.10046 -4.99609
5.20046 -4.99635
5.30046 -4.99661
5.40046 -4.99688
5.50046 -4.99714
5.60046 -4.9974
5.70046 -4.99766
5.80046 -4.99793
5.90046 -4.99819
6.00046 -4.99845
6.10046 -4.99871
6.20046 -4.99898
6.30046 -4.99924
6.40046 -4.9995
6.50046 -4.99976
6.60023 -4.99305
6.70023 -4.99331
6.80023 -4.99357
6.90023 -4.99384
7.00023 -4.9941
7.10023 -4.99436
7.20023 -4.99462
7.30023 -4.99489
7.40023 -4.99515
7.50023 -4.99541
7.60023 -4.99567
7.70023 -4.99594
7.80023 -4.9962
7.90023 -4.99646
8.00023 -4.99672
8.10023 -4.99699
8.20023 -4.99725
8.30023 -4.99751
8.40022 -4.99777
8.50022 -4.99804
8.60022 -4.9983
8.70022 -4.99856
8.80022 -4.99882
8.90022 -4.99909
9.00022 -4.99935
9.10022 -4.99961
9.20022 -4.99987
9.3 -4.99316
9.4 -4.99342
9.5 -4.99369
9.6 -4.99395
9.7 -4.99421
9.79999 -4.99447
9.89999 -4.99474
9.99999 -4.995
10.1 -4.99526
10.2 -4.99552
10.3 -4.99579
10.4 -4.99605
10.5 -4.99631
10.6 -4.99657
10.7 -4.99684
10.8 -4.9971
10.9 -4.99736
11 -4.99762
11.1 -4.99789
11.2 -4.99815
11.3 -4.99841
11.4 -4.99867
11.5 -4.99894
11.6 -4.9992
11.7 -4.99946
11.8 -4.99972
11.9 -4.99999
11.9998 -4.99327
12.0998 -4.99353
12.1998 -4.9938
12.2998 -4.99406
12.3998 -4.99432
12.4998 -4.99458
12.5998 -4.99485
12.6998 -4.99511
12.7998 -4.99537
12.8998 -4.99563
12.9998 -4.9959
13.0998 -4.99616
13.1998 -4.99642
13.2998 -4.99668
13.3998 -4.99695
13.4998 -4.99721
13.5998 -4.99747
13.6998 -4.99773
13.7998 -4.998
13.8998 -4.99826
13.9998 -4.99852
13.9965 -4.89857
13.9933 -4.79863
13.9971 -4.6987
13.9938 -4.59875
13.9976 -4.49882
13.9943 -4.39887
13.9981 -4.29894
13.9949 -4.19899
13.9986 -4.09906
13.9954 -3.99912
13.9992 -3.89919
13.9959 -3.79924
13.9997 -3.69931
13.9964 -3.59936
13.9932 -3.49941
13.997 -3.39948
13.9937 -3.29954
13.9975 -3.19961
13.9943 -3.09966
13.998 -2.99973
13.9948 -2.89978
13.9985 -2.79985
13.9953 -2.6999
13.9991 -2.59997
13.9958 -2.50003
13.9996 -2.4001
13.9964 -2.30015
13.9931 -2.2002
13.9969 -2.10027
13.9937 -2.00032
13.9974 -1.90039
13.9942 -1.80044
13.9979 -1.70052
13.9947 -1.60057
13.9985 -1.50064
13.9952 -1.40069
13.999 -1.30076
13.9958 -1.20081
13.9995 -1.10088
13.9963 -1.00093
13.9931 -0.900987
13.9968 -0.801058
13.9936 -0.70111
13.9973 -0.60118
13.9941 -0.501232
13.9979 -0.401303
13.9946 -0.301355
13.9984 -0.201425
13.9952 -0.101477
13.9989 -0.00154761
13.9957 0.0984003
13.9994 0.19833
13.9962 0.298278
14 0.398207
13.9967 0.498155
13.9935 0.598103
13.9973 0.698033
13.994 0.797981
13.9978 0.89791
13.9946 0.997858
14.0943 1.00457
14.1943 1.00431
14.2943 1.00405
14.3943 1.00378
14.4943 1.00352
14.5943 1.00326
14.6943 1.003
14.7943 1.00273
14.8943 1.00247
14.9943 1.00221
15.0045 0.90273
15.0008 0.802801
15.004 0.702853
15.0002 0.602923
15.0035 0.502975
15.0067 0.403027
15.0029 0.303098
15.0062 0.20315
15.0024 0.10322
15.0056 0.00327241
15.0019 -0.0966572
15.0051 -0.196605
15.0014 -0.296535
15.0046 -0.396483
15.0008 -0.496412
15.0041 -0.59636
15.0003 -0.69629
15.0035 -0.796238
15.0068 -0.896185
15.003 -0.996115
15.0063 -1.09606
15.0025 -1.19599
15.0057 -1.29594
15.002 -1.39587
15.0052 -1.49582
15.0014 -1.59575
15.0047 -1.6957
15.0009 -1.79562
15.0042 -1.89557
15.0004 -1.9955
15.0036 -2.09545
15.0069 -2.1954
15.0031 -2.29533
15.0063 -2.39528
15.0026 -2.49521
15.0058 -2.59515
15.0021 -2.69508
15.0053 -2.79503
15.0015 -2.89496
15.0048 -2.99491
15.001 -3.09484
15.0042 -3.19479
15.0005 -3.29472
15.0037 -3.39466
15.0069 -3.49461
15.0032 -3.59454
15.0064 -3.69449
15.0027 -3.79442
15.0059 -3.89437
15.0021 -3.9943
15.0054 -4.09424
15.0016 -4.19417
15.0048 -4.29412
15.0011 -4.39405
15.0043 -4.494
15.0006 -4.59393
15.0038 -4.69388
15 -4.79381
15.0033 -4.89375
15.0065 -4.9937
15.1065 -4.99396
15.2065 -4.99423
15.3065 -4.99449
15.4065 -4.99475
15.5065 -4.99501
15.6065 -4.99528
15.7065 -4.99554
15.8065 -4.9958
15.9065 -4.99606
16.0065 -4.99633
16.1065 -4.99659
16.2065 -4.99685
16.3065 -4.99711
16.4065 -4.99738
16.5065 -4.99764
16.6065 -4.9979
16.7065 -4.99816
16.8065 -4.99843
16.9065 -4.99869
17.0065 -4.99895
17.1065 -4.99921
17.2065 -4.99948
17.3065 -4.99974
17.4063 -4.99302
17.5063 -4.99329
17.6063 -4.99355
17.7063 -4.99381
17.8063 -4.99407
17.9063 -4.99434
18.0063 -4.9946
18.1063 -4.99486
18.2063 -4.99512
18.3063 -4.99539
18.4063 -4.99565
18.5063 -4.99591
18.6063 -4.99617
18.7063 -4.99644
18.8063 -4.9967
18.9063 -4.99696
19.0063 -4.99722
19.1063 -4.99749
19.2063 -4.99775
19.3063 -4.99801
19.4062 -4.99827
19.5062 -4.99854
19.6062 -4.9988
19.7062 -4.99906
19.8062 -4.99932
19.9062 -4.99959
20.0062 -4.99985
20.106 -4.99314
20.206 -4.9934
20.306 -4.99366
20.406 -4.99392
20.506 -4.99419
20.606 -4.99445
20.706 -4.99471
20.806 -4.99497
20.906 -4.99524
21.006 -4.9955
21.106 -4.99576
21.206 -4.99602
21.306 -4.99629
21.406 -4.99655
21.506 -4.99681
21.606 -4.99707
21.706 -4.99734
21.806 -4.9976
21.906 -4.99786
22.006 -4.99812
22.106 -4.99839
22.206 -4.99865
22.306 -4.99891
22.406 -4.99917
22.506 -4.99944
22.606 -4.9997
22.706 -4.99996
22.8058 -4.99325
22.9058 -4.99351
23.0058 -4.99377
23.1058 -4.99403
23.2058 -4.9943
23.3058 -4.99456
23.4058 -4.99482
23.5058 -4.99508
23.6058 -4.99535
23.7058 -4.99561
23.8058 -4.99587
23.9058 -4.99613
23.9998 -4.96218
23.9966 -4.86223
23.9934 -4.76228
23.9971 -4.66235
23.9939 -4.56241
23.9977 -4.46248
23.9944 -4.36253
23.9982 -4.2626
23.995 -4.16265
23.9987 -4.06272
23.9955 -3.96277
23.9992 -3.86284
23.996 -3.7629
23.9998 -3.66297
23.9965 -3.56302
23.9933 -3.46307
23.9971 -3.36314
23.9938 -3.26319
23.9976 -3.16326
23.9944 -3.06331
23.9981 -2.96339
23.9949 -2.86344
23.9986 -2.76351
23.9954 -2.66356
23.9992 -2.56363
23.9959 -2.46368
23.9997 -2.36375
23.9965 -2.2638
23.9932 -2.16386
23.997 -2.06393
23.9938 -1.96398
23.9975 -1.86405
23.9943 -1.7641
23.998 -1.66417
23.9948 -1.56422
23.9986 -1.4643
23.9953 -1.36435
23.9991 -1.26442
23.9959 -1.16447
23.9996 -1.06454
23.9964 -0.964592
23.9931 -0.864644
23.9969 -0.764715
23.9937 -0.664767
23.9974 -0.564837
23.9942 -0.464889
23.9979 -0.36496
23.9947 -0.265012
23.9985 -0.165082
23.9952 -0.0651344
23.9981 0.0348236
23.9941 0.13474
23.997 0.234698
23.9999 0.334656
23.9958 0.434573
23.9987 0.534531
23.9946 0.634448
23.9975 0.734406
23.9934 0.834322
23.9963 0.93428
24.0678 1.00417
24.1678 1.00476
24.2678 1.00535
24.3678 1.00595
24.4678 1.00654
24.5676 1.00015
24.6676 1.00074
24.7676 1.00134
24.8676 1.00193
24.9676 1.00252
25.0056 0.910025
25.0027 0.810067
25.0068 0.710151
25.0039 0.610193
25.001 0.510235
25.0051 0.410318
25.0022 0.31036
25.0063 0.210443
25.0034 0.110485
25.0005 0.0105274
25.1005 0.0104222
25.2005 0.0103169
25.3005 0.0102116
25.4005 0.0101063
25.5005 0.010001
25.6005 0.00989576
25.7005 0.00979048
25.8005 0.00968521
25.9005 0.00957993
26.0005 0.00947465
26.1005 0.00936937
26.2005 0.00926409
26.3005 0.00915881
26.4005 0.00905353
26.5005 0.00894825
26.6005 0.00884297
26.7005 0.00873769
26.8005 0.00863241
26.9005 0.00852713
27.0005 0.00842185
27.1005 0.00831657
27.2005 0.00821129
27.3005 0.00810601
27.4005 0.00800074
27.5005 0.00789546
27.6005 0.00779018
27.7005 0.0076849
27.8005 0.00757962
27.9005 0.00747434
28.0005 0.00736906
28.1005 0.00726378
28.2005 0.0071585
28.3005 0.00705322
28.4005 0.00694794
28.5005 0.00684266
28.6005 0.00673738
28.7005 0.0066321
28.8005 0.00652682
28.9005 0.00642154
28.9995 0.0202346
28.9964 0.120185
28.9932 0.220135
28.997 0.320062
28.9939 0.420012
28.9977 0.519939
28.9946 0.619889
28.9984 0.719816
28.9952 0.819766
28.9991 0.919693
28.9959 1.01964
28.9997 1.11957
28.9966 1.21952
28.9934 1.31947
28.9973 1.4194
28.9941 1.51935
28.9979 1.61927
28.9948 1.71922
28.9986 1.81915
28.9955 1.9191
28.9993 2.01903
28.9961 2.11898
29 2.21891
28.9968 2.31886
28.9936 2.41881
28.9975 2.51873
28.9943 2.61868
28.9981 2.71861
28.995 2.81856
28.9988 2.91849
28.9957 3.01844
28.9995 3.11836
28.9963 3.21831
28.9932 3.31826
28.997 3.41819
28.9939 3.51814
28.9977 3.61807
28.9945 3.71802
28.9984 3.81795
28.9952 3.9179
28.999 4.01782
28.9959 4.11777
28.9997 4.2177
28.9966 4.31765
28.9934 4.4176
28.9972 4.51753
28.9941 4.61748
28.9979 4.7174
28.9948 4.81735
28.9986 4.91728
28.9373 4.99629
28.8373 4.99663
28.7373 4.99696
28.6373 4.9973
28.5373 4.99764
28.4373 4.99797
28.3373 4.99831
28.2373 4.99865
28.1373 4.99899
28.0373 4.99932
27.9373 4.99966
27.8373 5
27.7375 4.99336
27.6375 4.9937
27.5375 4.99403
27.4375 4.99437
27.3375 4.99471
27.2375 4.99505
27.1375 4.99538
27.0375 4.99572
26.9375 4.99606
26.8375 4.99639
26.7375 4.99673
26.6375 4.99707
26.5375 4.99741
26.4375 4.99774
26.3375 4.99808
26.2375 4.99842
26.1375 4.99875
26.0375 4.99909
25.9375 4.99943
25.8375 4.99977
25.7377 4.99313
25.6377 4.99346
25.5377 4.9938
25.4377 4.99414
25.3377 4.99448
25.2377 4.99481
25.1377 4.99515
25.0377 4.99549
24.9377 4.99582
24.8377 4.99616
24.7377 4.9965
24.6377 4.99684
24.5377 4.99717
24.4377 4.99751
24.3377 4.99785
24.2377 4.99819
24.1377 4.99852
24.0377 4.99886
23.9377 4.9992
23.8377 4.99953
23.7378 4.99987
23.638 4.99323
23.538 4.99357
23.438 4.99391
23.338 4.99424
23.238 4.99458
23.138 4.99492
23.038 4.99526
22.938 4.99559
22.838 4.99593
22.738 4.99627
22.638 4.9966
22.538 4.99694
22.438 4.99728
22.338 4.99762
22.238 4.99795
22.138 4.99829
22.038 4.99863
21.938 4.99896
21.838 4.9993
21.738 4.99964
21.638 4.99998
21.5382 4.99334
21.4382 4.99367
21.3382 4.99401
21.2382 4.99435
21.1382 4.99469
21.0382 4.99502
20.9382 4.99536
20.8382 4.9957
20.7382 4.99603
20.6382 4.99637
20.5382 4.99671
20.4382 4.99705
20.3382 4.99738
20.2382 4.99772
20.1382 4.99806
20.0382 4.9984
20.0004 4.9058
20.0036 4.80585
20.0067 4.7059
20.0029 4.60598
20.0061 4.50603
20.0022 4.4061
20.0054 4.30615
20.0016 4.20622
20.0047 4.10627
20.0009 4.00635
20.004 3.9064
20.0002 3.80647
20.0034 3.70652
20.0065 3.60657
20.0027 3.50664
20.0059 3.40669
20.002 3.30676
20.0052 3.20681
20.0014 3.10689
20.0045 3.00694
20.0007 2.90701
20.0038 2.80706
20 2.70713
20.0032 2.60718
20.0063 2.50723
20.0025 2.40731
20.0056 2.30736
20.0018 2.20743
20.005 2.10748
20.0011 2.00755
20.0043 1.9076
20.0005 1.80767
20.0036 1.70772
20.0068 1.60777
20.0029 1.50785
20.0061 1.4079
20.0023 1.30797
20.0054 1.20802
20.0016 1.10809
20.0047 1.00814
20.0009 0.908216
20.0041 0.808266
20.0002 0.708339
20.0034 0.608389
20.0065 0.508438
20.0027 0.408512
20.0059 0.308561
20.002 0.208635
20.0052 0.108684
20.0014 0.00875764
19.9023 -0.00482566
19.8023 -0.00448845
19.7023 -0.00415123
19.6023 -0.00381402
19.5023 -0.00347681
19.4023 -0.00313959
19.3023 -0.00280238
19.2023 -0.00246516
19.1023 -0.00212795
19.0023 -0.00179073
18.9992 0.0981595
18.996 0.19811
18.9998 0.298037
18.9967 0.397987
18.9935 0.497937
18.9973 0.597864
18.9942 0.697814
18.998 0.797741
18.9949 0.897691
18.9987 0.997618
18.9955 1.09757
18.9994 1.19749
18.9962 1.29745
18.9931 1.3974
18.9969 1.49732
18.9937 1.59727
18.9976 1.6972
18.9944 1.79715
18.9982 1.89708
18.9951 1.99703
18.9989 2.09695
18.9958 2.1969
18.9996 2.29683
18.9964 2.39678
18.9933 2.49673
18.9971 2.59666
18.994 2.69661
18.9978 2.79653
18.9946 2.89649
18.9985 2.99641
18.9953 3.09636
18.9991 3.19629
18.996 3.29624
18.9998 3.39617
18.9967 3.49612
18.9935 3.59607
18.9973 3.69599
18.9942 3.79594
18.998 3.89587
18.9948 3.99582
18.9987 4.09575
18.9955 4.1957
18.9993 4.29562
18.9962 4.39557
18.993 4.49552
18.9969 4.59545
18.9937 4.6954
18.9975 4.79533
18.9944 4.89528
18.9982 4.99521
18.8982 4.99554
18.7982 4.99588
18.6982 4.99622
18.5982 4.99655
18.4982 4.99689
18.3982 4.99723
18.2982 4.99757
18.1982 4.9979
18.0982 4.99824
17.9982 4.99858
17.8982 4.99891
17.7982 4.99925
17.6982 4.99959
17.5982 4.99993
17.4984 4.99329
17.3984 4.99362
17.2984 4.99396
17.1984 4.9943
17.0984 4.99464
16.9984 4.99497
16.8984 4.99531
16.7985 4.99565
16.6985 4.99599
16.5985 4.99632
16.4985 4.99666
16.3985 4.997
16.2985 4.99733
16.1985 4.99767
16.0985 4.99801
15.9985 4.99835
15.8985 4.99868
15.7985 4.99902
15.6985 4.99936
15.5985 4.99969
15.4987 4.99306
15.3987 4.99339
15.2987 4.99373
15.1987 4.99407
15.0987 4.9944
14.9987 4.99474
14.8987 4.99508
14.7987 4.99542
14.6987 4.99575
14.5987 4.99609
14.4987 4.99643
14.3987 4.99676
14.2987 4.9971
14.1987 4.99744
14.0987 4.99778
13.9987 4.99811
13.8987 4.99845
13.7987 4.99879
13.6987 4.99913
13.5987 4.99946
13.4987 4.9998
13.3989 4.99316
13.2989 4.9935
13.1989 4.99383
13.0989 4.99417
12.9989 4.99451
12.8989 4.99485
12.7989 4.99518
12.6989 4.99552
12.5989 4.99586
12.4989 4.9962
12.3989 4.99653
12.2989 4.99687
12.1989 4.99721
12.0989 4.99754
11.9989 4.99788
11.8989 4.99822
11.7989 4.99856
11.6989 4.99889
11.5989 4.99923
11.4989 4.99957
11.3989 4.9999
11.2991 4.99327
11.1991 4.9936
11.0991 4.99394
10.9991 4.99428
10.8991 4.99461
10.7991 4.99495
10.6991 4.99529
10.5991 4.99563
10.4991 4.99596
10.3991 4.9963
10.2991 4.99664
10.1991 4.99697
10.0991 4.99731
10.0001 4.98373
10.0032 4.88378
10.0064 4.78383
10.0026 4.6839
10.0057 4.58395
10.0019 4.48402
10.005 4.38407
10.0012 4.28415
10.0044 4.1842
10.0005 4.08427
10.0037 3.98432
10.0068 3.88437
10.003 3.78444
10.0062 3.68449
10.0023 3.58457
10.0055 3.48462
10.0017 3.38469
10.0048 3.28474
10.001 3.18481
10.0041 3.08486
10.0003 2.98493
10.0035 2.88498
10.0066 2.78503
10.0028 2.68511
10.0059 2.58516
10.0021 2.48523
10.0053 2.38528
10.0014 2.28535
10.0046 2.1854
10.0008 2.08548
10.0039 1.98553
10.0001 1.8856
10.0033 1.78565
10.0064 1.6857
10.0026 1.58577
10.0057 1.48582
10.0019 1.3859
10.0051 1.28594
10.0012 1.18602
10.0044 1.08607
10.0006 0.986141
10.0037 0.886191
10.0069 0.78624
10.003 0.686314
10.0062 0.586363
10.0024 0.486437
10.0055 0.386486
10.0017 0.28656
10.0048 0.186609
10.001 0.0866826
9.95687 -0.00304848
9.85687 -0.00271126
9.75687 -0.00237405
9.65687 -0.00203683
9.55687 -0.00169962
9.45687 -0.00136241
9.35687 -0.00102519
9.25688 -0.000687978
9.15688 -0.000350763
9.05688 -1.35494e-05
8.99558 0.0789947
8.9994 0.178921
8.99625 0.278872
8.9931 0.378822
8.99692 0.478749
8.99377 0.578699
8.9976 0.678626
8.99445 0.778576
8.99827 0.878503
8.99512 0.978453
8.99895 1.07838
8.99579 1.17833
8.99962 1.27826
8.99647 1.37821
8.99331 1.47816
8.99714 1.57808
8.99399 1.67803
8.99782 1.77796
8.99466 1.87791
8.99849 1.97784
8.99534 2.07779
8.99916 2.17772
8.99601 2.27767
8.99984 2.37759
8.99668 2.47754
8.99353 2.57749
8.99736 2.67742
8.99421 2.77737
8.99803 2.8773
8.99488 2.97725
8.99871 3.07717
8.99555 3.17712
8.99938 3.27705
8.99623 3.377
8.99308 3.47695
8.9969 3.57688
8.99375 3.67683
8.99758 3.77676
8.99442 3.87671
8.99825 3.97663
8.9951 4.07658
8.99892 4.17651
8.99577 4.27646
8.9996 4.37639
8.99645 4.47634
8.99329 4.57629
8.99712 4.67621
8.99397 4.77616
8.99779 4.87609
8.99464 4.97604
8.8969 4.99716
8.7969 4.9975
8.6969 4.99784
8.5969 4.99817
8.4969 4.99851
8.3969 4.99885
8.2969 4.99918
8.1969 4.99952
8.0969 4.99986
7.99712 4.99322
7.89712 4.99356
7.79712 4.99389
7.69712 4.99423
7.59712 4.99457
7.49712 4.99491
7.39712 4.99524
7.29713 4.99558
7.19713 4.99592
7.09713 4.99626
6.99713 4.99659
6.89713 4.99693
6.79713 4.99727
6.69713 4.9976
6.59713 4.99794
6.49713 4.99828
6.39713 4.99862
6.29713 4.99895
6.19713 4.99929
6.09713 4.99963
5.99713 4.99996
5.89735 4.99333
5.79735 4.99366
5.69735 4.994
5.59736 4.99434
5.49736 4.99467
5.39736 4.99501
5.29736 4.99535
5.19736 4.99569
5.09736 4.99602
4.99736 4.99636
4.89736 4.9967
4.79736 4.99703
4.69736 4.99737
4.59736 4.99771
4.49736 4.99805
4.39736 4.99838
4.29736 4.99872
4.19736 4.99906
4.09736 4.9994
3.99736 4.99973
3.89758 4.99309
3.79759 4.99343
3.69759 4.99377
3.59759 4.9941
3.49759 4.99444
3.39759 4.99478
3.29759 4.99512
3.19759 4.99545
3.09759 4.99579
2.99759 4.99613
2.89759 4.99647
2.79759 4.9968
2.69759 4.99714
2.59759 4.99748
2.49759 4.99781
2.39759 4.99815
2.29759 4.99849
2.19759 4.99883
2.0976 4.99916
1.9976 4.9995
1.8976 4.99984
1.79782 4.9932
1.69782 4.99354
1.59782 4.99387
1.49782 4.99421
1.39782 4.99455
1.29782 4.99488
1.19782 4.99522
1.09782 4.99556
0.997821 4.9959
0.897822 4.99623
0.797823 4.99657
0.697823 4.99691
0.597824 4.99724
0.497824 4.99758
0.397825 4.99792
0.297825 4.99826
0.197826 4.99859
0.0978266 4.99893
-0.00217284 4.99927
-0.102172 4.99961
-0.202172 4.99994
-0.301951 4.9933
-0.40195 4.99364
-0.50195 4.99398
-0.601949 4.99431
-0.701949 4.99465
-0.801948 4.99499
-0.901948 4.99533
-1.00195 4.99566
-1.10195 4.996
-1.20195 4.99634
-1.30195 4.99668
-1.40194 4.99701
-1.50194 4.99735
-1.60194 4.99769
-1.70194 4.99802
-1.80194 4.99836
-1.90194 4.9987
-2.00194 4.99904
-2.10194 4.99937
-2.20194 4.99971
-2.30172 4.99307
-2.40172 4.99341
-2.50172 4.99375
-2.60172 4.99408
-2.70172 4.99442
-2.80172 4.99476
-2.90172 4.99509
-3.00172 4.99543
-3.10172 4.99577
-3.20171 4.99611
-3.30171 4.99644
-3.40171 4.99678
-3.50171 4.99712
-3.60171 4.99745
-3.70171 4.99779
-3.80171 4.99813
-3.90171 4.99847
-4.00171 4.9988
-4.10171 4.99914
-4.20171 4.99948
-4.30171 4.99982
-4.40149 4.99318
-4.50149 4.99351
-4.60149 4.99385
-4.70149 4.99419
-4.80149 4.99452
-4.90148 4.99486
-4.99937 4.9744
-4.99622 4.87445
-4.99306 4.7745
-4.99689 4.67457
-4.99374 4.57462
-4.99756 4.4747
-4.99441 4.37475
-4.99824 4.27482
-4.99509 4.17487
-4.99891 4.07494
-4.99576 3.97499
-4.99959 3.87507
-4.99643 3.77512
-4.99328 3.67516
-4.99711 3.57524
-4.99395 3.47529
-4.99778 3.37536
-4.99463 3.27541
-4.99846 3.17548
-4.9953 3.07553
-4.99913 2.97561
-4.99598 2.87566
-4.9998 2.77573
-4.99665 2.67578
-4.9935 2.57583
-4.99732 2.4759
-4.99417 2.37595
-4.998 2.27603
-4.99485 2.17608
-4.99867 2.07615
-4.99552 1.9762
-4.99935 1.87627
-4.99619 1.77632
-4.99304 1.67637
-4.99687 1.57644
-4.99371 1.47649
-4.99754 1.37657
-4.99439 1.27662
-4.99822 1.17669
-4.99506 1.07674
-4.99889 0.976813
-4.99574 0.876863
-4.99956 0.776936
-4.99641 0.676986
-4.99326 0.577036
-4.99708 0.477109
-4.99393 0.377159
-4.99776 0.277232
-4.99461 0.177282
-4.99843 0.0773549
-4.99528 -0.0225954
-4.99911 -0.122522
-4.99595 -0.222472
-4.99978 -0.322399
-4.99663 -0.422349
-4.99348 -0.5223
-4.9973 -0.622226
-4.99415 -0.722177
-4.99798 -0.822103
-4.99482 -0.922054
-4.99865 -1.02198
-4.9955 -1.12193
-4.99932 -1.22186
-4.99617 -1.32181
-5 -1.42173
-4.99685 -1.52168
-4.99369 -1.62164
-4.99752 -1.72156
-4.99437 -1.82151
-4.99819 -1.92144
-4.99504 -2.02139
-4.99887 -2.12132
-4.99571 -2.22127
-4.99954 -2.32119
-4.99639 -2.42114
-4.99324 -2.52109
-4.99706 -2.62102
-4.99391 -2.72097
-4.99774 -2.8209
-4.99458 -2.92085
-4.99841 -3.02077
-4.99526 -3.12072
-4.99908 -3.22065
-4.99593 -3.3206
-4.99976 -3.42053
-4.99661 -3.52048
-4.99345 -3.62043
-4.99728 -3.72036
-4.99413 -3.82031
-4.99795 -3.92023
-4.9948 -4.02018
-4.99863 -4.12011
-4.99547 -4.22006
-4.9993 -4.31999
-4.99615 -4.41994
-4.99998 -4.51986
-4.99682 -4.61981
-4.99367 -4.71976
-4.9975 -4.81969
-4.99434 -4.91964
-4.93304 -4.99865
-4.83304 -4.99899
-4.73304 -4.99932
-4.63305 -4.99966
-4.53305 -5
-4.43327 -4.99336
-4.33327 -4.9937
-4.23327 -4.99403
-4.13327 -4.99437
-4.03327 -4.99471
-3.93327 -4.99505
-3.83327 -4.99538
-3.73327 -4.99572
-3.63327 -4.99606
-3.53327 -4.99639
-3.43327 -4.99673
-3.33327 -4.99707
-3.23327 -4.99741
-3.13327 -4.99774
-3.03327 -4.99808
-2.93328 -4.99842
-2.83328 -4.99875
-2.73328 -4.99909
-2.63328 -4.99943
-2.53328 -4.99977
-2.4335 -4.99313
-2.3335 -4.99346
-2.2335 -4.9938
-2.1335 -4.99414
-2.0335 -4.99448
-1.9335 -4.99481
-1.8335 -4.99515
-1.7335 -4.99549
-1.6335 -4.99582
-1.5335 -4.99616
-1.4335 -4.9965
-1.3335 -4.99684
-1.2335 -4.99717
-1.13351 -4.99751
-1.03351 -4.99785
-0.933507 -4.99819
-0.833507 -4.99852
-0.733508 -4.99886
-0.633508 -4.9992
-0.533509 -4.99953
-0.433509 -4.99987
-0.33373 -4.99323
-0.233731 -4.99357
-0.133731 -4.99391
-0.0337317 -4.99424
0.0662677 -4.99458
0.166267 -4.99492
0.266267 -4.99526
0.366266 -4.99559
0.466265 -4.99593
0.566265 -4.99627
0.666264 -4.9966
0.766264 -4.99694
0.866263 -4.99728
0.966263 -4.99762
1.06626 -4.99795
1.16626 -4.99829
1.26626 -4.99863
1.36626 -4.99896
1.46626 -4.9993
1.56626 -4.99964
1.66626 -4.99998
1.76604 -4.99334
1.86604 -4.99367
1.96604 -4.99401
2.06604 -4.99435
2.16604 -4.99469
2.26604 -4.99502
2.36603 -4.99536
2.46603 -4.9957
2.56603 -4.99603
2.66603 -4.99637
2.76603 -4.99671
2.86603 -4.99705
2.96603 -4.99738
3.06603 -4.99772
3.16603 -4.99806
3.26603 -4.9984
3.36603 -4.99873
3.46603 -4.99907
3.56603 -4.99941
3.66603 -4.99974
3.76581 -4.99311
3.86581 -4.99344
3.96581 -4.99378
3.99703 -4.89878
3.99387 -4.79883
3.9977 -4.6989
3.99455 -4.59895
3.99838 -4.49902
3.99522 -4.39907
3.99905 -4.29915
3.9959 -4.1992
3.99972 -4.09927
3.99657 -3.99932
3.99342 -3.89937
3.99724 -3.79944
3.99409 -3.69949
3.99792 -3.59957
3.99477 -3.49962
3.99859 -3.39969
3.99544 -3.29974
3.99927 -3.19981
3.99611 -3.09986
3.99994 -2.99994
3.99679 -2.89998
3.99364 -2.80003
3.99746 -2.70011
3.99431 -2.60016
3.99814 -2.50023
3.99498 -2.40028
3.99881 -2.30035
3.99566 -2.2004
3.99948 -2.10048
3.99633 -2.00053
3.99318 -1.90058
3.99701 -1.80065
3.99385 -1.7007
3.99768 -1.60077
3.99453 -1.50082
3.99835 -1.4009
3.9952 -1.30095
3.99903 -1.20102
3.99587 -1.10107
3.9997 -1.00114
3.99655 -0.901191
3.9934 -0.801241
3.99722 -0.701314
3.99407 -0.601364
3.9979 -0.501437
3.99474 -0.401487
3.99857 -0.30156
3.99542 -0.20161
3.99924 -0.101683
3.99609 -0.0017326
3.99992 0.0981941
3.99677 0.198144
3.99361 0.298095
3.99744 0.398021
3.99429 0.497972
3.99811 0.597898
3.99496 0.697849
3.99879 0.797776
3.99563 0.897726
3.99946 0.997653
4.09924 1.00429
4.19924 1.00395
4.29924 1.00362
4.39924 1.00328
4.49924 1.00294
4.59924 1.00261
4.69924 1.00227
4.79924 1.00193
4.89924 1.00159
4.99924 1.00126
5.00239 0.901307
5.00554 0.801356
5.00171 0.70143
5.00487 0.601479
5.00104 0.501552
5.00419 0.401602
5.00037 0.301675
5.00352 0.201725
5.00667 0.101775
5.00285 0.00184815
5.006 -0.0981021
5.00217 -0.198029
5.00532 -0.297979
5.0015 -0.397906
5.00465 -0.497856
5.00082 -0.597783
5.00398 -0.697733
5.00015 -0.79766
5.0033 -0.89761
5.00646 -0.997561
5.00263 -1.09749
5.00578 -1.19744
5.00195 -1.29736
5.00511 -1.39731
5.00128 -1.49724
5.00443 -1.59719
5.00061 -1.69712
5.00376 -1.79707
5.00691 -1.89702
5.00309 -1.99695
5.00624 -2.0969
5.00241 -2.19682
5.00556 -2.29677
5.00174 -2.3967
5.00489 -2.49665
5.00106 -2.59658
5.00422 -2.69653
5.00039 -2.79645
5.00354 -2.8964
5.00669 -2.99635
5.00287 -3.09628
5.00602 -3.19623
5.00219 -3.29616
5.00535 -3.39611
5.00152 -3.49604
5.00467 -3.59599
5.00085 -3.69591
5.004 -3.79586
5.00017 -3.89579
5.00332 -3.99574
5.00648 -4.09569
5.00265 -4.19562
5.0058 -4.29557
5.00198 -4.39549
5.00513 -4.49544
5.0013 -4.59537
5.00446 -4.69532
5.00063 -4.79525
5.00378 -4.8952
5.00693 -4.99515
5.10693 -4.99549
5.20693 -4.99582
5.30693 -4.99616
5.40693 -4.9965
5.50693 -4.99683
5.60693 -4.99717
5.70693 -4.99751
5.80693 -4.99785
5.90693 -4.99818
6.00693 -4.99852
6.10693 -4.99886
6.20693 -4.99919
6.30693 -4.99953
6.40693 -4.99987
6.50671 -4.99323
6.60671 -4.99357
6.7067 -4.9939
6.8067 -4.99424
6.9067 -4.99458
7.0067 -4.99492
7.1067 -4.99525
7.2067 -4.99559
7.3067 -4.99593
7.4067 -4.99626
7.5067 -4.9966
7.6067 -4.99694
7.7067 -4.99728
7.8067 -4.99761
7.9067 -4.99795
8.0067 -4.99829
8.1067 -4.99863
8.2067 -4.99896
8.3067 -4.9993
8.4067 -4.99964
8.50669 -4.99997
8.60647 -4.99334
8.70647 -4.99367
8.80647 -4.99401
8.90647 -4.99435
9.00647 -4.99468
9.10647 -4.99502
9.20647 -4.99536
9.30647 -4.9957
9.40647 -4.99603
9.50647 -4.99637
9.60647 -4.99671
9.70647 -4.99704
9.80647 -4.99738
9.90647 -4.99772
10.0065 -4.99806
10.1065 -4.99839
10.2065 -4.99873
10.3065 -4.99907
10.4065 -4.9994
10.5065 -4.99974
10.6062 -4.9931
10.7062 -4.99344
10.8062 -4.99378
10.9062 -4.99411
11.0062 -4.99445
11.1062 -4.99479
11.2062 -4.99513
11.3062 -4.99546
11.4062 -4.9958
11.5062 -4.99614
11.6062 -4.99648
11.7062 -4.99681
11.8062 -4.99715
11.9062 -4.99749
12.0062 -4.99782
12.1062 -4.99816
12.2062 -4.9985
12.3062 -4.99884
12.4062 -4.99917
12.5062 -4.99951
12.6062 -4.99985
12.706 -4.99321
12.806 -4.99355
12.906 -4.99388
13.006 -4.99422
13.106 -4.99456
13.206 -4.99489
13.306 -4.99523
13.406 -4.99557
13.506 -4.99591
13.606 -4.99624
13.706 -4.99658
13.806 -4.99692
13.906 -4.99725
13.9975 -4.95689
13.9943 -4.85694
13.9982 -4.75701
13.995 -4.65706
13.9988 -4.55714
13.9957 -4.45718
13.9995 -4.35726
13.9964 -4.25731
13.9932 -4.15736
13.997 -4.05743
13.9939 -3.95748
13.9977 -3.85755
13.9946 -3.7576
13.9984 -3.65768
13.9952 -3.55773
13.9991 -3.4578
13.9959 -3.35785
13.9997 -3.25792
13.9966 -3.15797
13.9934 -3.05802
13.9973 -2.9581
13.9941 -2.85815
13.9979 -2.75822
13.9948 -2.65827
13.9986 -2.55834
13.9955 -2.45839
13.9993 -2.35846
13.9961 -2.25851
14 -2.15859
13.9968 -2.05864
13.9936 -1.95869
13.9975 -1.85876
13.9943 -1.75881
13.9981 -1.65888
13.995 -1.55893
13.9988 -1.45901
13.9957 -1.35906
13.9995 -1.25913
13.9963 -1.15918
13.9932 -1.05923
13.997 -0.959302
13.9939 -0.859351
13.9977 -0.759424
13.9945 -0.659474
13.9984 -0.559547
13.9952 -0.459597
13.999 -0.35967
13.9959 -0.25972
13.9997 -0.159793
13.9966 -0.0598431
13.9934 0.0401072
13.9972 0.140034
13.9941 0.239984
13.9979 0.339911
13.9948 0.439861
13.9986 0.539788
13.9954 0.639738
13.9993 0.739665
13.9961 0.839615
13.9999 0.939542
14.0767 1.00356
14.1767 1.00322
14.2767 1.00289
14.3767 1.00255
14.4767 1.00221
14.5767 1.00188
14.6767 1.00154
14.7767 1.0012
14.8767 1.00086
14.9767 1.00053
15.0006 0.903417
15.0038 0.803466
15.0069 0.703516
15.0031 0.603589
15.0062 0.503639
15.0024 0.403712
15.0056 0.303762
15.0017 0.203835
15.0049 0.103885
15.0011 0.00395819
15.0042 -0.0959921
15.0004 -0.195919
15.0035 -0.295869
15.0067 -0.395819
15.0029 -0.495746
15.006 -0.595696
15.0022 -0.695623
15.0053 -0.795573
15.0015 -0.8955
15.0047 -0.99545
15.0008 -1.09538
15.004 -1.19533
15.0002 -1.29525
15.0033 -1.3952
15.0065 -1.49515
15.0027 -1.59508
15.0058 -1.69503
15.002 -1.79496
15.0051 -1.89491
15.0013 -1.99484
15.0045 -2.09479
15.0006 -2.19471
15.0038 -2.29466
15.0069 -2.39461
15.0031 -2.49454
15.0063 -2.59449
15.0024 -2.69442
15.0056 -2.79437
15.0018 -2.89429
15.0049 -2.99424
15.0011 -3.09417
15.0042 -3.19412
15.0004 -3.29405
15.0036 -3.394
15.0067 -3.49395
15.0029 -3.59388
15.006 -3.69383
15.0022 -3.79375
15.0054 -3.8937
15.0015 -3.99363
15.0047 -4.09358
15.0009 -4.19351
15.004 -4.29346
15.0002 -4.39338
15.0034 -4.49333
15.0065 -4.59328
15.0027 -4.69321
15.0058 -4.79316
15.002 -4.89309
15.0052 -4.99304
15.1052 -4.99338
15.2052 -4.99371
15.3052 -4.99405
15.4052 -4.99439
15.5052 -4.99472
15.6052 -4.99506
15.7052 -4.9954
15.8052 -4.99574
15.9052 -4.99607
16.0051 -4.99641
16.1051 -4.99675
16.2051 -4.99708
16.3051 -4.99742
16.4051 -4.99776
16.5051 -4.9981
16.6051 -4.99843
16.7051 -4.99877
16.8051 -4.99911
16.9051 -4.99945
17.0051 -4.99978
17.1049 -4.99314
17.2049 -4.99348
17.3049 -4.99382
17.4049 -4.99415
17.5049 -4.99449
17.6049 -4.99483
17.7049 -4.99517
17.8049 -4.9955
17.9049 -4.99584
18.0049 -4.99618
18.1049 -4.99652
18.2049 -4.99685
18.3049 -4.99719
18.4049 -4.99753
18.5049 -4.99786
18.6049 -4.9982
18.7049 -4.99854
18.8049 -4.99888
18.9049 -4.99921
19.0049 -4.99955
19.1049 -4.99989
19.2047 -4.99325
19.3047 -4.99359
19.4047 -4.99392
19.5047 -4.99426
19.6047 -4.9946
19.7047 -4.99493
19.8047 -4.99527
19.9047 -4.99561
20.0047 -4.99595
20.1047 -4.99628
20.2047 -4.99662
20.3047 -4.99696
20.4047 -4.99729
20.5047 -4.99763
20.6047 -4.99797
20.7047 -4.99831
20.8047 -4.99864
20.9047 -4.99898
21.0047 -4.99932
21.1047 -4.99966
21.2047 -4.99999
21.3045 -4.99335
21.4045 -4.99369
21.5045 -4.99403
21.6045 -4.99436
21.7045 -4.9947
21.8045 -4.99504
21.9045 -4.99538
22.0045 -4.99571
22.1045 -4.99605
22.2045 -4.99639
22.3045 -4.99673
22.4045 -4.99706
22.5045 -4.9974
22.6045 -4.99774
22.7045 -4.99807
22.8045 -4.99841
22.9045 -4.99875
23.0044 -4.99909
23.1044 -4.99942
23.2044 -4.99976
23.3042 -4.99312
23.4042 -4.99346
23.5042 -4.9938
23.6042 -4.99413
23.7042 -4.99447
23.8042 -4.99481
23.9042 -4.99514
23.9983 -4.96126
23.9952 -4.86131
23.999 -4.76138
23.9958 -4.66143
23.9997 -4.56151
23.9965 -4.46156
23.9934 -4.3616
23.9972 -4.26168
23.994 -4.16173
23.9979 -4.0618
23.9947 -3.96185
23.9985 -3.86192
23.9954 -3.76197
23.9992 -3.66205
23.996 -3.5621
23.9999 -3.46217
23.9967 -3.36222
23.9936 -3.26227
23.9974 -3.16234
23.9942 -3.06239
23.9981 -2.96247
23.9949 -2.86252
23.9987 -2.76259
23.9956 -2.66264
23.9994 -2.56271
23.9963 -2.46276
23.9931 -2.36281
23.9969 -2.26288
23.9938 -2.16293
23.9976 -2.06301
23.9945 -1.96306
23.9983 -1.86313
23.9951 -1.76318
23.999 -1.66325
23.9958 -1.5633
23.9996 -1.46338
23.9965 -1.36343
23.9933 -1.26348
23.9972 -1.16355
23.994 -1.0636
23.9978 -0.963672
23.9947 -0.863722
23.9985 -0.763795
23.9954 -0.663845
23.9992 -0.563918
23.996 -0.463968
23.9999 -0.364041
23.9967 -0.264091
23.9935 -0.16414
23.9974 -0.0642135
23.9942 0.0357368
23.998 0.135664
23.9949 0.235614
23.9987 0.335541
23.9956 0.435491
23.9994 0.535418
23.9962 0.635368
23.9931 0.735318
23.9969 0.835245
23.9938 0.935195
24.0659 1.00442
24.1659 1.00408
24.2659 1.00374
24.3659 1.00341
24.4659 1.00307
24.5659 1.00273
24.6659 1.00239
24.7659 1.00206
24.8659 1.00172
24.9659 1.00138
25.0031 0.908539
25.0062 0.808589
25.0024 0.708662
25.0056 0.608712
25.0017 0.508785
25.0049 0.408835
25.0011 0.308908
25.0042 0.208958
25.0004 0.109031
25.0035 0.00908055
25.0067 -0.0908697
25.0029 -0.190796
25.006 -0.290747
25.0022 -0.390674
25.0053 -0.490624
25.0015 -0.590551
25.0047 -0.690501
25.0008 -0.790428
25.004 -0.890378
25.0002 -0.990305
25.0033 -1.09025
25.0065 -1.19021
25.0026 -1.29013
25.0058 -1.39008
25.002 -1.49001
25.0051 -1.58996
25.0013 -1.68989
25.0044 -1.78984
25.0006 -1.88976
25.0038 -1.98971
25.0069 -2.08966
25.0031 -2.18959
25.0062 -2.28954
25.0024 -2.38947
25.0056 -2.48942
25.0017 -2.58934
25.0049 -2.68929
25.0011 -2.78922
25.0042 -2.88917
25.0004 -2.9891
25.0036 -3.08905
25.0067 -3.189
25.0029 -3.28893
25.006 -3.38888
25.0022 -3.4888
25.0054 -3.58875
25.0015 -3.68868
25.0047 -3.78863
25.0009 -3.88856
25.004 -3.98851
25.0002 -4.08843
25.0033 -4.18838
25.0065 -4.28833
25.0027 -4.38826
25.0058 -4.48821
25.002 -4.58814
25.0051 -4.68809
25.0013 -4.78802
25.0045 -4.88797
25.0006 -4.98789
25.0038 -5.08784
25.0069 -5.18779
25.0031 -5.28772
25.0063 -5.38767
25.0024 -5.4876
25.0056 -5.58755
25.0018 -5.68747
25.0049 -5.78742
25.0011 -5.88735
25.0042 -5.9873
24.9052 -6.00088
24.8052 -6.00055
24.7052 -6.00021
24.6054 -6.00685
24.5054 -6.00651
24.4054 -6.00617
24.3054 -6.00584
24.2054 -6.0055
24.1054 -6.00516
24.0054 -6.00483
23.9054 -6.00449
23.8054 -6.00415
23.7054 -6.00381
23.6054 -6.00348
23.5054 -6.00314
23.4054 -6.0028
23.3054 -6.00247
23.2054 -6.00213
23.1054 -6.00179
23.0054 -6.00145
22.9054 -6.00112
22.8054 -6.00078
22.7054 -6.00044
22.6054 -6.0001
22.5056 -6.00674
22.4056 -6.00641
22.3056 -6.00607
22.2056 -6.00573
22.1056 -6.0054
22.0056 -6.00506
21.9056 -6.00472
21.8056 -6.00438
21.7056 -6.00405
21.6056 -6.00371
21.5056 -6.00337
21.4056 -6.00303
21.3056 -6.0027
21.2056 -6.00236
21.1056 -6.00202
21.0056 -6.00169
20.9056 -6.00135
20.8056 -6.00101
20.7056 -6.00067
20.6056 -6.00034
20.5059 -6.00698
20.4059 -6.00664
20.3059 -6.0063
20.2059 -6.00596
20.1059 -6.00563
20.0059 -6.00529
19.9059 -6.00495
19.8059 -6.00462
19.7059 -6.00428
19.6059 -6.00394
19.5059 -6.0036
19.4059 -6.00327
19.3059 -6.00293
19.2059 -6.00259
19.1059 -6.00226
19.0059 -6.00192
18.9059 -6.00158
18.8059 -6.00124
18.7059 -6.00091
18.6059 -6.00057
18.5059 -6.00023
18.4061 -6.00687
18.3061 -6.00653
18.2061 -6.0062
18.1061 -6.00586
18.0061 -6.00552
17.9061 -6.00518
17.8061 -6.00485
17.7061 -6.00451
17.6061 -6.00417
17.5061 -6.00384
17.4061 -6.0035
17.3061 -6.00316
17.2061 -6.00282
17.1061 -6.00249
17.0061 -6.00215
16.9061 -6.00181
16.8061 -6.00148
16.7061 -6.00114
16.6061 -6.0008
16.5061 -6.00046
16.4061 -6.00013
16.3063 -6.00677
16.2063 -6.00643
16.1063 -6.00609
16.0063 -6.00575
15.9063 -6.00542
15.8063 -6.00508
15.7063 -6.00474
15.6063 -6.00441
15.5063 -6.00407
15.4063 -6.00373
15.3063 -6.00339
15.2063 -6.00306
15.1063 -6.00272
15.0063 -6.00238
14.9063 -6.00204
14.8063 -6.00171
14.7063 -6.00137
14.6063 -6.00103
14.5063 -6.0007
14.4063 -6.00036
14.3063 -6.00002
14.2066 -6.00666
14.1066 -6.00632
14.0066 -6.00599
13.9066 -6.00565
13.8066 -6.00531
13.7066 -6.00497
13.6066 -6.00464
13.5066 -6.0043
13.4066 -6.00396
13.3066 -6.00363
13.2066 -6.00329
13.1066 -6.00295
13.0066 -6.00261
12.9066 -6.00228
12.8066 -6.00194
12.7066 -6.0016
12.6066 -6.00127
12.5066 -6.00093
12.4066 -6.00059
12.3066 -6.00025
12.2068 -6.00689
12.1068 -6.00656
12.0068 -6.00622
11.9068 -6.00588
11.8068 -6.00554
11.7068 -6.00521
11.6068 -6.00487
11.5068 -6.00453
11.4068 -6.0042
11.3068 -6.00386
11.2068 -6.00352
11.1068 -6.00318
11.0068 -6.00285
10.9068 -6.00251
10.8068 -6.00217
10.7068 -6.00183
10.6068 -6.0015
10.5068 -6.00116
10.4068 -6.00082
10.3068 -6.00049
10.2068 -6.00015
10.107 -6.00679
10.007 -6.00645
9.90702 -6.00611
9.80702 -6.00578
9.70702 -6.00544
9.60702 -6.0051
9.50702 -6.00476
9.40702 -6.00443
9.30702 -6.00409
9.20703 -6.00375
9.10703 -6.00342
9.00703 -6.00308
8.90703 -6.00274
8.80703 -6.0024
8.70703 -6.00207
8.60703 -6.00173
8.50703 -6.00139
8.40703 -6.00106
8.30703 -6.00072
8.20703 -6.00038
8.10703 -6.00004
8.00725 -6.00668
7.90725 -6.00635
7.80725 -6.00601
7.70725 -6.00567
7.60725 -6.00533
7.50726 -6.005
7.40726 -6.00466
7.30726 -6.00432
7.20726 -6.00399
7.10726 -6.00365
7.00726 -6.00331
6.90726 -6.00297
6.80726 -6.00264
6.70726 -6.0023
6.60726 -6.00196
6.50726 -6.00162
6.40726 -6.00129
6.30726 -6.00095
6.20726 -6.00061
6.10726 -6.00028
6.00748 -6.00692
5.90748 -6.00658
5.80749 -6.00624
5.70749 -6.0059
5.60749 -6.00557
5.50749 -6.00523
5.40749 -6.00489
5.30749 -6.00455
5.20749 -6.00422
5.10749 -6.00388
5.00749 -6.00354
4.90749 -6.00321
4.80749 -6.00287
4.70749 -6.00253
4.60749 -6.00219
4.50749 -6.00186
4.40749 -6.00152
4.30749 -6.00118
4.20749 -6.00085
4.10749 -6.00051
4.0075 -6.00017
3.90772 -6.00681
3.80772 -6.00647
3.70772 -6.00614
3.60772 -6.0058
3.50772 -6.00546
3.40772 -6.00512
3.30772 -6.00479
3.20772 -6.00445
3.10772 -6.00411
3.00772 -6.00378
2.90772 -6.00344
2.80772 -6.0031
2.70772 -6.00276
2.60772 -6.00243
2.50772 -6.00209
2.40772 -6.00175
2.30772 -6.00141
2.20773 -6.00108
2.10773 -6.00074
2.00773 -6.0004
1.90773 -6.00007
1.80795 -6.0067
1.70795 -6.00637
1.60795 -6.00603
1.50795 -6.00569
1.40795 -6.00536
1.30795 -6.00502
1.20795 -6.00468
1.10795 -6.00434
1.00795 -6.00401
0.907953 -6.00367
0.807954 -6.00333
0.707954 -6.003
0.607955 -6.00266
0.507955 -6.00232
0.407956 -6.00198
0.307956 -6.00165
0.207957 -6.00131
0.107958 -6.00097
0.00795813 -6.00064
-0.0920413 -6.0003
-0.191821 -6.00694
-0.29182 -6.0066
-0.39182 -6.00626
-0.491819 -6.00593
-0.591818 -6.00559
-0.691818 -6.00525
-0.791817 -6.00491
-0.891817 -6.00458
-0.991816 -6.00424
-1.09182 -6.0039
-1.19181 -6.00356
-1.29181 -6.00323
-1.39181 -6.00289
-1.49181 -6.00255
-1.59181 -6.00222
-1.69181 -6.00188
-1.79181 -6.00154
-1.89181 -6.0012
-1.99181 -6.00087
-2.09181 -6.00053
-2.19181 -6.00019
-2.29159 -6.00683
-2.39159 -6.00649
-2.49159 -6.00616
-2.59159 -6.00582
-2.69159 -6.00548
-2.79159 -6.00515
-2.89159 -6.00481
-2.99158 -6.00447
-3.09158 -6.00413
-3.19158 -6.0038
-3.29158 -6.00346
-3.39158 -6.00312
-3.49158 -6.00279
-3.59158 -6.00245
-3.69158 -6.00211
-3.79158 -6.00177
-3.89158 -6.00144
-3.99158 -6.0011
-4.09158 -6.00076
-4.19158 -6.00042
-4.29158 -6.00009
-4.39136 -6.00673
-4.49136 -6.00639
-4.59136 -6.00605
-4.69135 -6.00572
-4.79135 -6.00538
-4.89135 -6.00504
-4.99135 -6.0047
-5.09135 -6.00437
-5.19135 -6.00403
-5.29135 -6.00369
-5.39135 -6.00335
-5.49135 -6.00302
-5.59135 -6.00268
-5.69135 -6.00234
-5.79135 -6.00201
-5.89135 -6.00167
-5.99135 -6.00133
-6.00146 -5.90184
-6.00462 -5.80189
-6.00079 -5.70197
-6.00394 -5.60202
-6.00012 -5.50209
-6.00327 -5.40214
-6.00642 -5.30219
-6.0026 -5.20226
-6.00575 -5.10231
-6.00192 -5.00239
-6.00507 -4.90244
-6.00125 -4.80251
-6.0044 -4.70256
-6.00057 -4.60263
-6.00373 -4.50268
-6.00688 -4.40273
-6.00305 -4.3028
-6.00621 -4.20285
-6.00238 -4.10293
-6.00553 -4.00298
-6.0017 -3.90305
-6.00486 -3.8031
-6.00103 -3.70317
-6.00418 -3.60322
-6.00036 -3.5033
-6.00351 -3.40335
-6.00666 -3.3034
-6.00284 -3.20347
-6.00599 -3.10352
-6.00216 -3.00359
-6.00531 -2.90364
-6.00149 -2.80372
-6.00464 -2.70377
-6.00081 -2.60384
-6.00397 -2.50389
-6.00014 -2.40396
-6.00329 -2.30401
-6.00645 -2.20406
-6.00262 -2.10413
-6.00577 -2.00418
-6.00194 -1.90426
-6.0051 -1.80431
-6.00127 -1.70438
-6.00442 -1.60443
-6.0006 -1.5045
-6.00375 -1.40455
-6.0069 -1.3046
-6.00308 -1.20468
-6.00623 -1.10473
-6.0024 -1.0048
-6.00555 -0.904848
-6.00173 -0.804922
-6.00488 -0.704971
-6.00105 -0.605045
-6.00421 -0.505094
-6.00038 -0.405167
-6.00353 -0.305217
-6.00668 -0.205267
-6.00286 -0.10534
-6.00601 -0.00538989
-6.00218 0.0945369
-6.00534 0.194487
-6.00151 0.294414
-6.00466 0.394364
-6.00084 0.494291
-6.00399 0.594241
-6.00016 0.694168
-6.00331 0.794118
-6.00647 0.894069
-6.00264 0.993995
-6.00579 1.09395
-6.00197 1.19387
-6.00512 1.29382
-6.00129 1.39375
-6.00445 1.4937
-6.00062 1.59363
-6.00377 1.69358
-6.00692 1.79353
-6.0031 1.89345
-6.00625 1.9934
-6.00242 2.09333
-6.00558 2.19328
-6.00175 2.29321
-6.0049 2.39316
-6.00108 2.49308
-6.00423 2.59304
-6.0004 2.69296
-6.00355 2.79291
-6.00671 2.89286
-6.00288 2.99279
-6.00603 3.09274
-6.00221 3.19267
-6.00536 3.29262
-6.00153 3.39254
-6.00469 3.49249
-6.00086 3.59242
-6.00401 3.69237
-6.00018 3.7923
-6.00334 3.89225
-6.00649 3.9922
-6.00266 4.09212
-6.00582 4.19207
-6.00199 4.292
-6.00514 4.39195
-6.00132 4.49188
-6.00447 4.59183
-6.00064 4.69176
-6.00379 4.79171
-6.00695 4.89166
-6.00312 4.99158
-6.00627 5.09153
-6.00245 5.19146
-6.0056 5.29141
-6.00177 5.39134
-6.00493 5.49129
-6.0011 5.59121
-6.00425 5.69116
-6.00042 5.79109
-6.00358 5.89104
-6.00673 5.99099
-5.90766 6.00457
-5.80766 6.00424
-5.70766 6.0039
-5.60766 6.00356
-5.50766 6.00323
-5.40766 6.00289
-5.30766 6.00255
-5.20766 6.00221
-5.10766 6.00188
-5.00766 6.00154
-4.90766 6.0012
-4.80766 6.00087
-4.70766 6.00053
-4.60766 6.00019
-4.50788 6.00683
-4.40789 6.00649
-4.30789 6.00616
-4.20789 6.00582
-4.10789 6.00548
-4.00789 6.00514
-3.90789 6.00481
-3.80789 6.00447
-3.70789 6.00413
-3.60789 6.0038
-3.50789 6.00346
-3.40789 6.00312
-3.30789 6.00278
-3.20789 6.00245
-3.10789 6.00211
-3.00789 6.00177
-2.90789 6.00143
-2.80789 6.0011
-2.7079 6.00076
-2.6079 6.00042
-2.5079 6.00009
-2.40812 6.00673
-2.30812 6.00639
-2.20812 6.00605
-2.10812 6.00571
-2.00812 6.00538
-1.90812 6.00504
-1.80812 6.0047
-1.70812 6.00436
-1.60812 6.00403
-1.50812 6.00369
-1.40812 6.00335
-1.30812 6.00302
-1.20812 6.00268
-1.10812 6.00234
-1.00812 6.002
-0.908125 6.00167
-0.808126 6.00133
-0.708127 6.00099
-0.608127 6.00066
-0.508128 6.00032
-0.408348 6.00696
-0.308349 6.00662
-0.208349 6.00628
-0.10835 6.00595
-0.00835059 6.00561
0.0916488 6.00527
0.191648 6.00493
0.291648 6.0046
0.391647 6.00426
0.491647 6.00392
0.591646 6.00359
0.691645 6.00325
0.791645 6.00291
0.891644 6.00257
0.991644 6.00224
1.09164 6.0019
1.19164 6.00156
1.29164 6.00122
1.39164 6.00089
1.49164 6.00055
1.59164 6.00021
1.69142 6.00685
1.79142 6.00652
1.89142 6.00618
1.99142 6.00584
2.09142 6.0055
2.19142 6.00517
2.29142 6.00483
2.39142 6.00449
2.49142 6.00415
2.59141 6.00382
2.69141 6.00348
2.79141 6.00314
2.89141 6.00281
2.99141 6.00247
3.09141 6.00213
3.19141 6.00179
3.29141 6.00146
3.39141 6.00112
3.49141 6.00078
3.59141 6.00045
3.69141 6.00011
3.79119 6.00675
3.89119 6.00641
3.99119 6.00607
4.09119 6.00574
4.19119 6.0054
4.29118 6.00506
4.39118 6.00472
4.49118 6.00439
4.59118 6.00405
4.69118 6.00371
4.79118 6.00338
4.89118 6.00304
4.99118 6.0027
5.09118 6.00236
5.19118 6.00203
5.29118 6.00169
5.39118 6.00135
5.49118 6.00101
5.59118 6.00068
5.69118 6.00034
5.79118 6
5.89096 6.00664
5.99096 6.0063
6.09095 6.00597
6.19095 6.00563
6.29095 6.00529
6.39095 6.00496
6.49095 6.00462
6.59095 6.00428
6.69095 6.00394
6.79095 6.00361
6.89095 6.00327
6.99095 6.00293
7.09095 6.0026
7.19095 6.00226
7.29095 6.00192
7.39095 6.00158
7.49095 6.00125
7.59095 6.00091
7.69095 6.00057
7.79094 6.00024
7.89072 6.00687
7.99072 6.00654
8.09072 6.0062
8.19072 6.00586
8.29072 6.00553
8.39072 6.00519
8.49072 6.00485
8.59072 6.00451
8.69072 6.00418
8.79072 6.00384
8.89072 6.0035
8.99072 6.00316
9.09072 6.00283
9.19072 6.00249
9.29072 6.00215
9.39072 6.00182
9.49072 6.00148
9.59071 6.00114
9.69071 6.0008
9.79071 6.00047
9.89071 6.00013
9.99049 6.00677
10.0905 6.00643
10.1905 6.00609
10.2905 6.00576
10.3905 6.00542
10.4905 6.00508
10.5905 6.00475
10.6905 6.00441
10.7905 6.00407
10.8905 6.00373
10.9905 6.0034
11.0905 6.00306
11.1905 6.00272
11.2905 6.00239
11.3905 6.00205
11.4905 6.00171
11.5905 6.00137
11.6905 6.00104
11.7905 6.0007
11.8905 6.00036
11.9905 6.00002
12.0903 6.00666
12.1903 6.00633
12.2903 6.00599
12.3903 6.00565
12.4903 6.00532
12.5903 6.00498
12.6903 6.00464
12.7903 6.0043
12.8903 6.00397
12.9903 6.00363
13.0903 6.00329
13.1903 6.00295
13.2903 6.00262
13.3903 6.00228
13.4903 6.00194
13.5903 6.00161
13.6903 6.00127
13.7903 6.00093
13.8902 6.00059
13.9902 6.00026
14.09 6.0069
14.19 6.00656
14.29 6.00622
14.39 6.00588
14.49 6.00555
14.59 6.00521
14.69 6.00487
14.79 6.00454
14.89 6.0042
14.99 6.00386
15.09 6.00352
15.19 6.00319
15.29 6.00285
15.39 6.00251
15.49 6.00218
15.59 6.00184
15.69 6.0015
15.79 6.00116
15.89 6.00083
15.99 6.00049
16.09 6.00015
16.1898 6.00679
16.2898 6.00645
16.3898 6.00612
16.4898 6.00578
16.5898 6.00544
16.6898 6.00511
16.7898 6.00477
16.8898 6.00443
16.9898 6.00409
17.0898 6.00376
17.1898 6.00342
17.2898 6.00308
17.3898 6.00274
17.4898 6.00241
17.5898 6.00207
17.6898 6.00173
17.7898 6.0014
17.8898 6.00106
17.9898 6.00072
18.0898 6.00038
18.1898 6.00005
18.2896 6.00669
18.3896 6.00635
18.4896 6.00601
18.5896 6.00567
18.6896 6.00534
18.7896 6.005
18.8896 6.00466
18.9896 6.00433
19.0896 6.00399
19.1896 6.00365
19.2896 6.00331
19.3896 6.00298
19.4896 6.00264
19.5896 6.0023
19.6896 6.00197
19.7896 6.00163
19.8896 6.00129
19.9896 6.00095
20.0896 6.00062
20.1896 6.00028
20.2893 6.00692
20.3893 6.00658
20.4893 6.00624
20.5893 6.00591
20.6893 6.00557
20.7893 6.00523
20.8893 6.0049
20.9893 6.00456
21.0893 6.00422
21.1893 6.00388
21.2893 6.00355
21.3893 6.00321
21.4893 6.00287
21.5893 6.00253
21.6893 6.0022
21.7893 6.00186
21.8893 6.00152
21.9893 6.00119
22.0893 6.00085
22.1893 6.00051
22.2893 6.00017
22.3891 6.00681
22.4891 6.00648
22.5891 6.00614
22.6891 6.0058
22.7891 6.00546
22.8891 6.00513
22.9891 6.00479
23.0891 6.00445
23.1891 6.00412
23.2891 6.00378
23.3891 6.00344
23.4891 6.0031
23.5891 6.00277
23.6891 6.00243
23.7891 6.00209
23.8891 6.00176
23.9891 6.00142
24.0891 6.00108
24.1891 6.00074
24.2891 6.00041
24.3891 6.00007
24.4889 6.00671
24.5889 6.00637
24.6889 6.00603
24.7889 6.0057
24.8889 6.00536
24.9889 6.00502
25.0889 6.00468
25.1889 6.00435
25.2889 6.00401
25.3889 6.00367
25.4889 6.00334
25.5889 6.003
25.6889 6.00266
25.7889 6.00232
25.8889 6.00199
25.9889 6.00165
26.0889 6.00131
26.1889 6.00098
26.2889 6.00064
26.3889 6.0003
26.4886 6.00694
26.5886 6.0066
26.6886 6.00627
26.7886 6.00593
26.8886 6.00559
26.9886 6.00525
27.0886 6.00492
27.1886 6.00458
27.2886 6.00424
27.3886 6.00391
27.4886 6.00357
27.5886 6.00323
27.6886 6.00289
27.7886 6.00256
27.8886 6.00222
27.9886 6.00188
28.0886 6.00154
28.1886 6.00121
28.2886 6.00087
28.3886 6.00053
28.4886 6.0002
28.5884 6.00684
28.6884 6.0065
28.7884 6.00616
28.8884 6.00582
28.9884 6.00549
29.0884 6.00515
29.1884 6.00481
29.2884 6.00447
29.3884 6.00414
29.4884 6.0038
29.5884 6.00346
29.6884 6.00313
29.7884 6.00279
29.8884 6.00245
29.9884 6.00211
30.0054 5.90358
30.0016 5.80365
30.0048 5.7037
30.0009 5.60377
30.0041 5.50382
30.0003 5.40389
30.0034 5.30394
30.0066 5.20399
30.0027 5.10407
30.0059 5.00412
30.0021 4.90419
30.0052 4.80424
30.0014 4.70431
30.0045 4.60436
30.0007 4.50444
30.0039 4.40449
30 4.30456
30.0032 4.20461
30.0063 4.10466
30.0025 4.00473
30.0057 3.90478
30.0018 3.80485
30.005 3.7049
30.0012 3.60498
30.0043 3.50503
30.0005 3.4051
30.0036 3.30515
30.0068 3.2052
30.003 3.10527
30.0061 3.00532
30.0023 2.9054
30.0055 2.80545
30.0016 2.70552
30.0048 2.60557
30.001 2.50564
30.0041 2.40569
30.0003 2.30577
30.0034 2.20582
30.0066 2.10586
30.0028 2.00594
30.0059 1.90599
30.0021 1.80606
30.0052 1.70611
30.0014 1.60618
30.0046 1.50623
30.0007 1.40631
30.0039 1.30636
30.0001 1.20643
30.0032 1.10648
30.0064 1.00653
30.0025 0.906603
30.0057 0.806652
30.0019 0.706726
30.005 0.606775
30.0012 0.506849
30.0043 0.406898
30.0005 0.306972
30.0037 0.207021
30.0068 0.107071
30.003 0.00714434
30.103 0.00700137
30.203 0.0068584
30.303 0.00671542
30.403 0.00657245
30.503 0.00642948
30.603 0.00628651
30.703 0.00614353
30.803 0.00600056
30.903 0.00585759
31.003 0.00571462
31.103 0.00557164
31.203 0.00542867
31.303 0.0052857
31.403 0.00514273
31.503 0.00499975
31.603 0.00485678
31.703 0.00471381
31.803 0.00457084
31.903 0.00442787
32.003 0.00428489
32.103 0.00414192
32.203 0.00399895
32.303 0.00385598
32.403 0.003713
32.503 0.00357003
32.603 0.00342706
32.703 0.00328409
32.803 0.00314111
32.903 0.00299814
33.003 0.00285517
33.103 0.0027122
33.203 0.00256923
33.303 0.00242625
33.403 0.00228328
33.503 0.00214031
33.603 0.00199734
33.703 0.00185436
33.803 0.00171139
33.903 0.00156842
34.003 0.00142545
34.103 0.00128247
34.203 0.0011395
34.303 0.000996529
34.403 0.000853557
34.503 0.000710585
34.603 0.000567612
34.703 0.00042464
34.803 0.000281668
34.903 0.000138695
