0 0
0.0707107 0.0707107
0.141421 0.141421
0.212132 0.212132
0.282843 0.282843
0.353553 0.353553
0.424264 0.424264
0.494975 0.494975
0.565685 0.565685
0.636396 0.636396
0.707107 0.707107
0.777817 0.777817
0.848528 0.848528
0.919239 0.919239
0.989949 0.989949
0.998665 1.08957
0.993431 1.18943
0.995177 1.28942
0.996922 1.3894
0.998667 1.48939
0.993434 1.58925
0.995179 1.68923
0.996924 1.78922
0.998669 1.8892
0.993436 1.98907
0.995181 2.08905
0.996926 2.18904
0.998671 2.28902
0.993438 2.38888
0.995183 2.48887
0.996928 2.58885
0.998674 2.68884
0.99344 2.7887
0.995185 2.88869
0.99693 2.98867
0.998676 3.08866
0.993442 3.18852
0.995187 3.2885
0.996933 3.38849
0.998678 3.48847
0.993444 3.58834
0.995189 3.68832
0.996935 3.78831
0.99868 3.88829
0.993446 3.98815
0.995192 4.08814
0.996937 4.18812
0.998682 4.28811
0.993448 4.38797
0.995194 4.48795
0.996939 4.58794
0.998684 4.68792
0.993451 4.78779
0.995196 4.88777
0.996941 4.98776
1.09571 5.0034
1.19569 5.00515
1.29568 5.00689
1.39554 5.00166
1.49553 5.0034
1.59551 5.00515
1.6955 5.00689
1.79536 5.00166
1.89534 5.0034
1.99533 5.00515
2.00056 4.90529
2.0058 4.80542
2.00405 4.70544
2.00231 4.60545
2.00056 4.50547
2.00579 4.40561
2.00405 4.30562
2.0023 4.20564
2.00056 4.10565
2.00579 4.00579
2.00405 3.9058
2.0023 3.80582
2.00056 3.70584
2.00579 3.60597
2.00404 3.50599
2.0023 3.406
2.00055 3.30602
2.00579 3.20615
2.00404 3.10617
2.0023 3.00619
2.00055 2.9062
2.00579 2.80634
2.00404 2.70635
2.0023 2.60637
2.00055 2.50638
2.00578 2.40652
2.00404 2.30654
2.00229 2.20655
2.00055 2.10657
2.00578 2.0067
2.0765 2.07741
2.14721 2.14812
2.21793 2.21882
2.28864 2.28953
2.35936 2.36024
2.43007 2.43094
2.50078 2.50165
2.5715 2.57236
2.64221 2.64306
2.71293 2.71377
2.78364 2.78448
2.85436 2.85518
2.92507 2.92589
2.99579 2.9966
3.0665 3.0673
3.13722 3.13801
3.20793 3.20872
3.27865 3.27942
3.34936 3.35013
3.42008 3.42084
3.49079 3.49154
3.56151 3.56225
3.63222 3.63295
3.70294 3.70366
3.77365 3.77437
3.84437 3.84507
3.91508 3.91578
3.98579 3.98649
4.05651 4.05719
4.12722 4.1279
4.19794 4.19861
4.26865 4.26931
4.33937 4.34002
4.41008 4.41073
4.4808 4.48143
4.55151 4.55214
4.62223 4.62285
4.69294 4.69355
4.76366 4.76426
4.83437 4.83497
4.90509 4.90567
4.9758 4.97638
5.04652 5.04709
5.11723 5.11779
5.18795 5.1885
5.25866 5.25921
5.32937 5.32991
5.40009 5.40062
5.4708 5.47133
5.54152 5.54203
5.61223 5.61274
5.68295 5.68345
5.75366 5.75415
5.82438 5.82486
5.89509 5.89557
5.96581 5.96627
6.03652 6.03698
6.10724 6.10769
6.17795 6.17839
6.24867 6.2491
6.31938 6.31981
6.3901 6.39051
6.46081 6.46122
6.53153 6.53193
6.60224 6.60263
6.67296 6.67334
6.74367 6.74405
6.81438 6.81475
6.8851 6.88546
6.95581 6.95617
7.02653 7.02687
7.09724 7.09758
7.16796 7.16828
7.23867 7.23899
7.30939 7.3097
7.3801 7.3804
7.45082 7.45111
7.52153 7.52182
7.59225 7.59252
7.66296 7.66323
7.73368 7.73394
7.80439 7.80464
7.87511 7.87535
7.94582 7.94606
8.01654 8.01676
8.08725 8.08747
8.15797 8.15818
8.22868 8.22888
8.29939 8.29959
8.37011 8.3703
8.44082 8.441
8.51154 8.51171
8.58225 8.58242
8.65297 8.65312
8.72368 8.72383
8.7944 8.79454
8.86511 8.86524
8.93583 8.93595
9.00654 9.00666
9.07726 9.07736
9.14797 9.14807
9.21869 9.21878
9.2894 9.28948
9.36012 9.36019
9.43083 9.4309
9.50155 9.5016
9.57226 9.57231
9.64297 9.64302
9.71369 9.71372
9.7844 9.78443
9.85512 9.85514
9.92583 9.92584
9.99655 9.99655
