0 0 46
1 0 45
2 0 44
3 0 43
4 0 42
5 0 41
6 0 40
7 0 39
8 0 38
9 0 37
10 0 36
11 0 35
12 0 34
13 0 33
14 0 32
15 0 31
16 0 30
17 0 29
18 0 28
19 0 27
20 0 26
21 0 25
22 0 24
23 0 23
24 0 22
25 0 21
26 0 20
27 0 19
28 0 18
29 0 17
30 0 16
31 0 15
32 0 14
33 0 14
34 0 14
35 0 14
36 0 14
37 0 15
38 0 16
39 0 17
40 0 18
41 0 19
42 0 20
43 0 21
44 0 22
45 0 23
46 0 24
47 0 25
48 0 26
49 0 27
0 1 45
1 1 44
2 1 43
3 1 42
4 1 41
5 1 40
6 1 39
7 1 38
8 1 37
9 1 36
10 1 35
11 1 34
12 1 33
13 1 32
14 1 31
15 1 30
16 1 29
17 1 28
18 1 27
19 1 26
20 1 25
21 1 24
22 1 23
23 1 22
24 1 21
25 1 20
26 1 19
27 1 18
28 1 17
29 1 16
30 1 15
31 1 14
32 1 13
33 1 13
34 1 13
35 1 13
36 1 13
37 1 14
38 1 15
39 1 16
40 1 17
41 1 18
42 1 19
43 1 20
44 1 21
45 1 22
46 1 23
47 1 24
48 1 25
49 1 26
0 2 44
1 2 43
2 2 42
3 2 41
4 2 40
5 2 39
6 2 38
7 2 37
8 2 36
9 2 35
10 2 34
11 2 33
12 2 32
13 2 31
14 2 30
15 2 29
16 2 28
17 2 27
18 2 26
19 2 25
20 2 24
21 2 23
22 2 22
23 2 21
24 2 20
25 2 19
26 2 18
27 2 17
28 2 16
29 2 15
30 2 14
31 2 13
32 2 12
33 2 12
34 2 12
35 2 12
36 2 12
37 2 13
38 2 14
39 2 15
40 2 16
41 2 17
42 2 18
43 2 19
44 2 20
45 2 21
46 2 22
47 2 23
48 2 24
49 2 25
0 3 43
1 3 42
2 3 41
3 3 40
4 3 39
5 3 38
6 3 37
7 3 36
8 3 35
9 3 34
10 3 33
11 3 32
12 3 31
13 3 30
14 3 29
15 3 28
16 3 27
17 3 26
18 3 25
19 3 24
20 3 23
21 3 22
22 3 21
23 3 20
24 3 19
25 3 18
26 3 17
27 3 16
28 3 15
29 3 14
30 3 13
31 3 12
32 3 11
33 3 11
34 3 11
35 3 11
36 3 11
37 3 12
38 3 13
39 3 14
40 3 15
41 3 16
42 3 17
43 3 18
44 3 19
45 3 20
46 3 21
47 3 22
48 3 23
49 3 24
0 4 42
1 4 41
2 4 40
3 4 39
4 4 38
5 4 37
6 4 36
7 4 35
8 4 34
9 4 33
10 4 32
11 4 31
12 4 30
13 4 29
14 4 28
15 4 27
16 4 26
17 4 25
18 4 24
19 4 23
20 4 22
21 4 21
22 4 20
23 4 19
24 4 18
25 4 17
26 4 16
27 4 15
28 4 14
29 4 13
30 4 12
31 4 11
32 4 10
33 4 10
34 4 10
35 4 10
36 4 10
37 4 11
38 4 12
39 4 13
40 4 14
41 4 15
42 4 16
43 4 17
44 4 18
45 4 19
46 4 20
47 4 21
48 4 22
49 4 23
0 5 41
1 5 40
2 5 39
3 5 38
4 5 37
5 5 36
6 5 35
7 5 34
8 5 33
9 5 32
10 5 31
11 5 30
12 5 29
13 5 28
14 5 27
15 5 26
16 5 25
17 5 24
18 5 23
19 5 22
20 5 21
21 5 20
22 5 19
23 5 18
24 5 17
25 5 16
26 5 15
27 5 14
28 5 13
29 5 12
30 5 11
31 5 10
32 5 9
33 5 9
34 5 9
35 5 9
36 5 9
37 5 10
38 5 11
39 5 12
40 5 13
41 5 14
42 5 15
43 5 16
44 5 17
45 5 18
46 5 19
47 5 20
48 5 21
49 5 22
0 6 40
1 6 39
2 6 38
3 6 37
4 6 36
5 6 35
6 6 34
7 6 33
8 6 32
9 6 31
10 6 30
11 6 29
12 6 28
13 6 27
14 6 26
15 6 25
16 6 24
17 6 23
18 6 22
19 6 21
20 6 20
21 6 19
22 6 18
23 6 17
24 6 16
25 6 15
26 6 14
27 6 13
28 6 12
29 6 11
30 6 10
31 6 9
32 6 8
33 6 8
34 6 8
35 6 8
36 6 8
37 6 9
38 6 10
39 6 11
40 6 12
41 6 13
42 6 14
43 6 15
44 6 16
45 6 17
46 6 18
47 6 19
48 6 20
49 6 21
0 7 39
1 7 38
2 7 37
3 7 36
4 7 35
5 7 34
6 7 33
7 7 32
8 7 31
9 7 30
10 7 29
11 7 28
12 7 27
13 7 26
14 7 25
15 7 24
16 7 23
17 7 22
18 7 21
19 7 20
20 7 19
21 7 18
22 7 17
23 7 16
24 7 15
25 7 14
26 7 13
27 7 12
28 7 11
29 7 10
30 7 9
31 7 8
32 7 7
33 7 7
34 7 7
35 7 7
36 7 7
37 7 8
38 7 9
39 7 10
40 7 11
41 7 12
42 7 13
43 7 14
44 7 15
45 7 16
46 7 17
47 7 18
48 7 19
49 7 20
0 8 38
1 8 37
2 8 36
3 8 35
4 8 34
5 8 33
6 8 32
7 8 31
8 8 30
9 8 29
10 8 28
11 8 27
12 8 26
13 8 25
14 8 24
15 8 23
16 8 22
17 8 21
18 8 20
19 8 19
20 8 18
21 8 17
22 8 16
23 8 15
24 8 14
25 8 13
26 8 12
27 8 11
28 8 10
29 8 9
30 8 8
31 8 7
32 8 6
33 8 6
34 8 6
35 8 6
36 8 6
37 8 7
38 8 8
39 8 9
40 8 10
41 8 11
42 8 12
43 8 13
44 8 14
45 8 15
46 8 16
47 8 17
48 8 18
49 8 19
0 9 37
1 9 36
2 9 35
3 9 34
4 9 33
5 9 32
6 9 31
7 9 30
8 9 29
9 9 28
10 9 27
11 9 26
12 9 25
13 9 24
14 9 23
15 9 22
16 9 21
17 9 20
18 9 19
19 9 18
20 9 17
21 9 16
22 9 15
23 9 14
24 9 13
25 9 12
26 9 11
27 9 10
28 9 9
29 9 8
30 9 7
31 9 6
32 9 5
33 9 5
34 9 5
35 9 5
36 9 5
37 9 6
38 9 7
39 9 8
40 9 9
41 9 10
42 9 11
43 9 12
44 9 13
45 9 14
46 9 15
47 9 16
48 9 17
49 9 18
0 10 36
1 10 35
2 10 34
3 10 33
4 10 32
5 10 31
6 10 30
7 10 29
8 10 28
9 10 27
10 10 26
11 10 25
12 10 24
13 10 23
14 10 22
15 10 21
16 10 20
17 10 19
18 10 18
19 10 17
20 10 16
21 10 15
22 10 14
23 10 13
24 10 12
25 10 11
26 10 10
27 10 9
28 10 8
29 10 7
30 10 6
31 10 5
32 10 4
33 10 4
34 10 4
35 10 4
36 10 4
37 10 5
38 10 6
39 10 7
40 10 8
41 10 9
42 10 10
43 10 11
44 10 12
45 10 13
46 10 14
47 10 15
48 10 16
49 10 17
0 11 35
1 11 34
2 11 33
3 11 32
4 11 31
5 11 30
6 11 29
7 11 28
8 11 27
9 11 26
10 11 25
11 11 24
12 11 23
13 11 22
14 11 21
15 11 20
16 11 19
17 11 18
18 11 17
19 11 16
20 11 15
21 11 14
22 11 13
23 11 12
24 11 11
25 11 10
26 11 9
27 11 8
28 11 7
29 11 6
30 11 5
31 11 4
32 11 3
33 11 3
34 11 3
35 11 3
36 11 3
37 11 4
38 11 5
39 11 6
40 11 7
41 11 8
42 11 9
43 11 10
44 11 11
45 11 12
46 11 13
47 11 14
48 11 15
49 11 16
0 12 34
1 12 33
2 12 32
3 12 31
4 12 30
5 12 29
6 12 28
7 12 27
8 12 26
9 12 25
10 12 24
11 12 23
12 12 22
13 12 21
14 12 20
15 12 19
16 12 18
17 12 17
18 12 16
19 12 15
20 12 14
21 12 13
22 12 12
23 12 11
24 12 10
25 12 9
26 12 8
27 12 7
28 12 6
29 12 5
30 12 4
31 12 3
32 12 2
33 12 2
34 12 2
35 12 2
36 12 2
37 12 3
38 12 4
39 12 5
40 12 6
41 12 7
42 12 8
43 12 9
44 12 10
45 12 11
46 12 12
47 12 13
48 12 14
49 12 15
0 13 33
1 13 32
2 13 31
3 13 30
4 13 29
5 13 28
6 13 27
7 13 26
8 13 25
9 13 24
10 13 23
11 13 22
12 13 21
13 13 20
14 13 19
15 13 18
16 13 17
17 13 16
18 13 15
19 13 14
20 13 13
21 13 12
22 13 11
23 13 10
24 13 9
25 13 8
26 13 7
27 13 6
28 13 5
29 13 4
30 13 3
31 13 2
32 13 1
33 13 1
34 13 1
35 13 1
36 13 1
37 13 2
38 13 3
39 13 4
40 13 5
41 13 6
42 13 7
43 13 8
44 13 9
45 13 10
46 13 11
47 13 12
48 13 13
49 13 14
0 14 33
1 14 32
2 14 31
3 14 30
4 14 29
5 14 28
6 14 27
7 14 26
8 14 25
9 14 24
10 14 23
11 14 22
12 14 21
13 14 20
14 14 19
15 14 18
16 14 17
17 14 16
18 14 15
19 14 14
20 14 13
21 14 12
22 14 11
23 14 10
24 14 9
25 14 8
26 14 7
27 14 6
28 14 5
29 14 4
30 14 3
31 14 2
32 14 1
33 14 1
34 14 1
35 14 1
36 14 1
37 14 2
38 14 3
39 14 4
40 14 5
41 14 6
42 14 7
43 14 8
44 14 9
45 14 10
46 14 11
47 14 12
48 14 13
49 14 14
0 15 33
1 15 32
2 15 31
3 15 30
4 15 29
5 15 28
6 15 27
7 15 26
8 15 25
9 15 24
10 15 23
11 15 22
12 15 21
13 15 20
14 15 19
15 15 18
16 15 17
17 15 16
18 15 15
19 15 14
20 15 13
21 15 12
22 15 11
23 15 10
24 15 9
25 15 8
26 15 7
27 15 6
28 15 5
29 15 4
30 15 3
31 15 2
32 15 1
33 15 1
34 15 1
35 15 1
36 15 1
37 15 2
38 15 3
39 15 4
40 15 5
41 15 6
42 15 7
43 15 8
44 15 9
45 15 10
46 15 11
47 15 12
48 15 13
49 15 14
0 16 32
1 16 31
2 16 30
3 16 29
4 16 28
5 16 27
6 16 26
7 16 25
8 16 24
9 16 23
10 16 22
11 16 21
12 16 20
13 16 19
14 16 18
15 16 17
16 16 16
17 16 15
18 16 14
19 16 14
20 16 13
21 16 12
22 16 11
23 16 10
24 16 9
25 16 8
26 16 7
27 16 6
28 16 5
29 16 4
30 16 3
31 16 2
32 16 1
33 16 1
34 16 1
35 16 1
36 16 1
37 16 2
38 16 3
39 16 4
40 16 5
41 16 6
42 16 7
43 16 8
44 16 9
45 16 10
46 16 11
47 16 12
48 16 13
49 16 14
0 17 31
1 17 30
2 17 29
3 17 28
4 17 27
5 17 26
6 17 25
7 17 24
8 17 23
9 17 22
10 17 21
11 17 20
12 17 19
13 17 18
14 17 17
15 17 16
16 17 15
17 17 14
18 17 13
19 17 13
20 17 13
21 17 12
22 17 11
23 17 10
24 17 9
25 17 8
26 17 7
27 17 6
28 17 5
29 17 4
30 17 3
31 17 2
32 17 1
33 17 1
34 17 1
35 17 1
36 17 1
37 17 2
38 17 3
39 17 4
40 17 5
41 17 6
42 17 7
43 17 8
44 17 9
45 17 10
46 17 11
47 17 12
48 17 13
49 17 14
0 18 30
1 18 29
2 18 28
3 18 27
4 18 26
5 18 25
6 18 24
7 18 23
8 18 22
9 18 21
10 18 20
11 18 19
12 18 18
13 18 17
14 18 16
15 18 15
16 18 14
17 18 13
18 18 12
19 18 12
20 18 12
21 18 12
22 18 11
23 18 10
24 18 9
25 18 8
26 18 7
27 18 6
28 18 5
29 18 4
30 18 3
31 18 2
32 18 1
33 18 1
34 18 1
35 18 1
36 18 1
37 18 2
38 18 3
39 18 4
40 18 5
41 18 6
42 18 7
43 18 8
44 18 9
45 18 10
46 18 11
47 18 12
48 18 13
49 18 14
0 19 29
1 19 28
2 19 27
3 19 26
4 19 25
5 19 24
6 19 23
7 19 22
8 19 21
9 19 20
10 19 19
11 19 18
12 19 17
13 19 16
14 19 15
15 19 14
16 19 13
17 19 12
18 19 11
19 19 11
20 19 11
21 19 11
22 19 11
23 19 10
24 19 9
25 19 8
26 19 7
27 19 6
28 19 5
29 19 4
30 19 3
31 19 2
32 19 1
33 19 1
34 19 1
35 19 1
36 19 1
37 19 2
38 19 3
39 19 4
40 19 5
41 19 6
42 19 7
43 19 8
44 19 9
45 19 10
46 19 11
47 19 12
48 19 13
49 19 14
0 20 28
1 20 27
2 20 26
3 20 25
4 20 24
5 20 23
6 20 22
7 20 21
8 20 20
9 20 19
10 20 18
11 20 17
12 20 16
13 20 15
14 20 14
15 20 13
16 20 12
17 20 11
18 20 10
19 20 10
20 20 10
21 20 10
22 20 10
23 20 10
24 20 9
25 20 8
26 20 7
27 20 6
28 20 5
29 20 4
30 20 3
31 20 2
32 20 1
33 20 1
34 20 1
35 20 1
36 20 1
37 20 2
38 20 3
39 20 4
40 20 5
41 20 6
42 20 7
43 20 8
44 20 9
45 20 10
46 20 11
47 20 12
48 20 13
49 20 14
0 21 27
1 21 26
2 21 25
3 21 24
4 21 23
5 21 22
6 21 21
7 21 20
8 21 19
9 21 18
10 21 17
11 21 16
12 21 15
13 21 14
14 21 13
15 21 12
16 21 11
17 21 10
18 21 9
19 21 9
20 21 9
21 21 9
22 21 9
23 21 10
24 21 10
25 21 9
26 21 8
27 21 7
28 21 6
29 21 5
30 21 4
31 21 3
32 21 2
33 21 2
34 21 2
35 21 2
36 21 2
37 21 3
38 21 4
39 21 5
40 21 6
41 21 7
42 21 8
43 21 9
44 21 10
45 21 11
46 21 12
47 21 13
48 21 14
49 21 15
0 22 26
1 22 25
2 22 24
3 22 23
4 22 22
5 22 21
6 22 20
7 22 19
8 22 18
9 22 17
10 22 16
11 22 15
12 22 14
13 22 13
14 22 12
15 22 11
16 22 10
17 22 9
18 22 8
19 22 8
20 22 8
21 22 8
22 22 8
23 22 9
24 22 10
25 22 10
26 22 9
27 22 8
28 22 7
29 22 6
30 22 5
31 22 4
32 22 3
33 22 3
34 22 3
35 22 3
36 22 3
37 22 4
38 22 5
39 22 6
40 22 7
41 22 8
42 22 9
43 22 10
44 22 11
45 22 12
46 22 13
47 22 14
48 22 15
49 22 16
0 23 25
1 23 24
2 23 23
3 23 22
4 23 21
5 23 20
6 23 19
7 23 18
8 23 17
9 23 16
10 23 15
11 23 14
12 23 13
13 23 12
14 23 11
15 23 10
16 23 9
17 23 8
18 23 7
19 23 7
20 23 7
21 23 7
22 23 7
23 23 8
24 23 9
25 23 10
26 23 10
27 23 9
28 23 8
29 23 7
30 23 6
31 23 5
32 23 4
33 23 4
34 23 4
35 23 4
36 23 4
37 23 5
38 23 6
39 23 7
40 23 8
41 23 9
42 23 10
43 23 11
44 23 12
45 23 13
46 23 14
47 23 15
48 23 16
49 23 17
0 24 24
1 24 23
2 24 22
3 24 21
4 24 20
5 24 19
6 24 18
7 24 17
8 24 16
9 24 15
10 24 14
11 24 13
12 24 12
13 24 11
14 24 10
15 24 9
16 24 8
17 24 7
18 24 6
19 24 6
20 24 6
21 24 6
22 24 6
23 24 7
24 24 8
25 24 9
26 24 10
27 24 10
28 24 9
29 24 8
30 24 7
31 24 6
32 24 5
33 24 5
34 24 5
35 24 5
36 24 5
37 24 6
38 24 7
39 24 8
40 24 9
41 24 10
42 24 11
43 24 12
44 24 13
45 24 14
46 24 15
47 24 16
48 24 17
49 24 18
0 25 23
1 25 22
2 25 21
3 25 20
4 25 19
5 25 18
6 25 17
7 25 16
8 25 15
9 25 14
10 25 13
11 25 12
12 25 11
13 25 10
14 25 9
15 25 8
16 25 7
17 25 6
18 25 5
19 25 5
20 25 5
21 25 5
22 25 5
23 25 6
24 25 7
25 25 8
26 25 9
27 25 10
28 25 10
29 25 9
30 25 8
31 25 7
32 25 6
33 25 6
34 25 6
35 25 6
36 25 6
37 25 7
38 25 8
39 25 9
40 25 10
41 25 11
42 25 12
43 25 13
44 25 14
45 25 15
46 25 16
47 25 17
48 25 18
49 25 19
0 26 22
1 26 21
2 26 20
3 26 19
4 26 18
5 26 17
6 26 16
7 26 15
8 26 14
9 26 13
10 26 12
11 26 11
12 26 10
13 26 9
14 26 8
15 26 7
16 26 6
17 26 5
18 26 4
19 26 4
20 26 4
21 26 4
22 26 4
23 26 5
24 26 6
25 26 7
26 26 8
27 26 9
28 26 10
29 26 10
30 26 9
31 26 8
32 26 7
33 26 7
34 26 7
35 26 7
36 26 7
37 26 8
38 26 9
39 26 10
40 26 11
41 26 12
42 26 13
43 26 14
44 26 15
45 26 16
46 26 17
47 26 18
48 26 19
49 26 20
0 27 21
1 27 20
2 27 19
3 27 18
4 27 17
5 27 16
6 27 15
7 27 14
8 27 13
9 27 12
10 27 11
11 27 10
12 27 9
13 27 8
14 27 7
15 27 6
16 27 5
17 27 4
18 27 3
19 27 3
20 27 3
21 27 3
22 27 3
23 27 4
24 27 5
25 27 6
26 27 7
27 27 8
28 27 9
29 27 10
30 27 10
31 27 9
32 27 8
33 27 8
34 27 8
35 27 8
36 27 8
37 27 9
38 27 10
39 27 11
40 27 12
41 27 13
42 27 14
43 27 15
44 27 16
45 27 17
46 27 18
47 27 19
48 27 20
49 27 21
0 28 20
1 28 19
2 28 18
3 28 17
4 28 16
5 28 15
6 28 14
7 28 13
8 28 12
9 28 11
10 28 10
11 28 9
12 28 8
13 28 7
14 28 6
15 28 5
16 28 4
17 28 3
18 28 2
19 28 2
20 28 2
21 28 2
22 28 2
23 28 3
24 28 4
25 28 5
26 28 6
27 28 7
28 28 8
29 28 9
30 28 10
31 28 10
32 28 9
33 28 9
34 28 9
35 28 9
36 28 9
37 28 10
38 28 11
39 28 12
40 28 13
41 28 14
42 28 15
43 28 16
44 28 17
45 28 18
46 28 19
47 28 20
48 28 21
49 28 22
0 29 19
1 29 18
2 29 17
3 29 16
4 29 15
5 29 14
6 29 13
7 29 12
8 29 11
9 29 10
10 29 9
11 29 8
12 29 7
13 29 6
14 29 5
15 29 4
16 29 3
17 29 2
18 29 1
19 29 1
20 29 1
21 29 1
22 29 1
23 29 2
24 29 3
25 29 4
26 29 5
27 29 6
28 29 7
29 29 8
30 29 9
31 29 10
32 29 10
33 29 10
34 29 10
35 29 10
36 29 10
37 29 11
38 29 12
39 29 13
40 29 14
41 29 15
42 29 16
43 29 17
44 29 18
45 29 19
46 29 20
47 29 21
48 29 22
49 29 23
0 30 19
1 30 18
2 30 17
3 30 16
4 30 15
5 30 14
6 30 13
7 30 12
8 30 11
9 30 10
10 30 9
11 30 8
12 30 7
13 30 6
14 30 5
15 30 4
16 30 3
17 30 2
18 30 1
19 30 1
20 30 1
21 30 1
22 30 1
23 30 2
24 30 3
25 30 4
26 30 5
27 30 6
28 30 7
29 30 8
30 30 9
31 30 10
32 30 11
33 30 11
34 30 11
35 30 11
36 30 11
37 30 12
38 30 13
39 30 14
40 30 15
41 30 16
42 30 17
43 30 18
44 30 19
45 30 20
46 30 21
47 30 22
48 30 23
49 30 24
0 31 19
1 31 18
2 31 17
3 31 16
4 31 15
5 31 14
6 31 13
7 31 12
8 31 11
9 31 10
10 31 9
11 31 8
12 31 7
13 31 6
14 31 5
15 31 4
16 31 3
17 31 2
18 31 1
19 31 1
20 31 1
21 31 1
22 31 1
23 31 2
24 31 3
25 31 4
26 31 5
27 31 6
28 31 7
29 31 8
30 31 9
31 31 10
32 31 11
33 31 12
34 31 12
35 31 12
36 31 12
37 31 13
38 31 14
39 31 15
40 31 16
41 31 17
42 31 18
43 31 19
44 31 20
45 31 21
46 31 22
47 31 23
48 31 24
49 31 25
0 32 19
1 32 18
2 32 17
3 32 16
4 32 15
5 32 14
6 32 13
7 32 12
8 32 11
9 32 10
10 32 9
11 32 8
12 32 7
13 32 6
14 32 5
15 32 4
16 32 3
17 32 2
18 32 1
19 32 1
20 32 1
21 32 1
22 32 1
23 32 2
24 32 3
25 32 4
26 32 5
27 32 6
28 32 7
29 32 8
30 32 9
31 32 10
32 32 11
33 32 12
34 32 13
35 32 13
36 32 13
37 32 14
38 32 15
39 32 16
40 32 17
41 32 18
42 32 19
43 32 20
44 32 21
45 32 22
46 32 23
47 32 24
48 32 25
49 32 26
0 33 19
1 33 18
2 33 17
3 33 16
4 33 15
5 33 14
6 33 13
7 33 12
8 33 11
9 33 10
10 33 9
11 33 8
12 33 7
13 33 6
14 33 5
15 33 4
16 33 3
17 33 2
18 33 1
19 33 1
20 33 1
21 33 1
22 33 1
23 33 2
24 33 3
25 33 4
26 33 5
27 33 6
28 33 7
29 33 8
30 33 9
31 33 10
32 33 11
33 33 12
34 33 13
35 33 14
36 33 14
37 33 15
38 33 16
39 33 17
40 33 18
41 33 19
42 33 20
43 33 21
44 33 22
45 33 23
46 33 24
47 33 25
48 33 26
49 33 27
0 34 19
1 34 18
2 34 17
3 34 16
4 34 15
5 34 14
6 34 13
7 34 12
8 34 11
9 34 10
10 34 9
11 34 8
12 34 7
13 34 6
14 34 5
15 34 4
16 34 3
17 34 2
18 34 1
19 34 1
20 34 1
21 34 1
22 34 1
23 34 2
24 34 3
25 34 4
26 34 5
27 34 6
28 34 7
29 34 8
30 34 9
31 34 10
32 34 11
33 34 12
34 34 13
35 34 14
36 34 15
37 34 16
38 34 17
39 34 18
40 34 19
41 34 20
42 34 21
43 34 22
44 34 23
45 34 24
46 34 25
47 34 26
48 34 27
49 34 28
0 35 19
1 35 18
2 35 17
3 35 16
4 35 15
5 35 14
6 35 13
7 35 12
8 35 11
9 35 10
10 35 9
11 35 8
12 35 7
13 35 6
14 35 5
15 35 4
16 35 3
17 35 2
18 35 1
19 35 1
20 35 1
21 35 1
22 35 1
23 35 2
24 35 3
25 35 4
26 35 5
27 35 6
28 35 7
29 35 8
30 35 9
31 35 10
32 35 11
33 35 12
34 35 13
35 35 14
36 35 15
37 35 16
38 35 17
39 35 18
40 35 19
41 35 20
42 35 21
43 35 22
44 35 23
45 35 24
46 35 25
47 35 26
48 35 27
49 35 28
0 36 19
1 36 18
2 36 17
3 36 16
4 36 15
5 36 14
6 36 13
7 36 12
8 36 11
9 36 10
10 36 9
11 36 8
12 36 7
13 36 6
14 36 5
15 36 4
16 36 3
17 36 2
18 36 1
19 36 1
20 36 1
21 36 1
22 36 1
23 36 2
24 36 3
25 36 4
26 36 5
27 36 6
28 36 7
29 36 8
30 36 9
31 36 10
32 36 11
33 36 12
34 36 13
35 36 14
36 36 15
37 36 16
38 36 17
39 36 18
40 36 19
41 36 20
42 36 21
43 36 22
44 36 23
45 36 24
46 36 25
47 36 26
48 36 27
49 36 28
0 37 20
1 37 19
2 37 18
3 37 17
4 37 16
5 37 15
6 37 14
7 37 13
8 37 12
9 37 11
10 37 10
11 37 9
12 37 8
13 37 7
14 37 6
15 37 5
16 37 4
17 37 3
18 37 2
19 37 2
20 37 2
21 37 2
22 37 2
23 37 3
24 37 4
25 37 5
26 37 6
27 37 7
28 37 8
29 37 9
30 37 10
31 37 11
32 37 12
33 37 13
34 37 14
35 37 15
36 37 16
37 37 17
38 37 18
39 37 19
40 37 20
41 37 21
42 37 22
43 37 23
44 37 24
45 37 25
46 37 26
47 37 27
48 37 28
49 37 29
0 38 21
1 38 20
2 38 19
3 38 18
4 38 17
5 38 16
6 38 15
7 38 14
8 38 13
9 38 12
10 38 11
11 38 10
12 38 9
13 38 8
14 38 7
15 38 6
16 38 5
17 38 4
18 38 3
19 38 3
20 38 3
21 38 3
22 38 3
23 38 4
24 38 5
25 38 6
26 38 7
27 38 8
28 38 9
29 38 10
30 38 11
31 38 12
32 38 13
33 38 14
34 38 15
35 38 16
36 38 17
37 38 18
38 38 19
39 38 20
40 38 21
41 38 22
42 38 23
43 38 24
44 38 25
45 38 26
46 38 27
47 38 28
48 38 29
49 38 30
0 39 22
1 39 21
2 39 20
3 39 19
4 39 18
5 39 17
6 39 16
7 39 15
8 39 14
9 39 13
10 39 12
11 39 11
12 39 10
13 39 9
14 39 8
15 39 7
16 39 6
17 39 5
18 39 4
19 39 4
20 39 4
21 39 4
22 39 4
23 39 5
24 39 6
25 39 7
26 39 8
27 39 9
28 39 10
29 39 11
30 39 12
31 39 13
32 39 14
33 39 15
34 39 16
35 39 17
36 39 18
37 39 19
38 39 20
39 39 21
40 39 22
41 39 23
42 39 24
43 39 25
44 39 26
45 39 27
46 39 28
47 39 29
48 39 30
49 39 31
0 40 23
1 40 22
2 40 21
3 40 20
4 40 19
5 40 18
6 40 17
7 40 16
8 40 15
9 40 14
10 40 13
11 40 12
12 40 11
13 40 10
14 40 9
15 40 8
16 40 7
17 40 6
18 40 5
19 40 5
20 40 5
21 40 5
22 40 5
23 40 6
24 40 7
25 40 8
26 40 9
27 40 10
28 40 11
29 40 12
30 40 13
31 40 14
32 40 15
33 40 16
34 40 17
35 40 18
36 40 19
37 40 20
38 40 21
39 40 22
40 40 23
41 40 24
42 40 25
43 40 26
44 40 27
45 40 28
46 40 29
47 40 30
48 40 31
49 40 32
0 41 24
1 41 23
2 41 22
3 41 21
4 41 20
5 41 19
6 41 18
7 41 17
8 41 16
9 41 15
10 41 14
11 41 13
12 41 12
13 41 11
14 41 10
15 41 9
16 41 8
17 41 7
18 41 6
19 41 6
20 41 6
21 41 6
22 41 6
23 41 7
24 41 8
25 41 9
26 41 10
27 41 11
28 41 12
29 41 13
30 41 14
31 41 15
32 41 16
33 41 17
34 41 18
35 41 19
36 41 20
37 41 21
38 41 22
39 41 23
40 41 24
41 41 25
42 41 26
43 41 27
44 41 28
45 41 29
46 41 30
47 41 31
48 41 32
49 41 33
0 42 25
1 42 24
2 42 23
3 42 22
4 42 21
5 42 20
6 42 19
7 42 18
8 42 17
9 42 16
10 42 15
11 42 14
12 42 13
13 42 12
14 42 11
15 42 10
16 42 9
17 42 8
18 42 7
19 42 7
20 42 7
21 42 7
22 42 7
23 42 8
24 42 9
25 42 10
26 42 11
27 42 12
28 42 13
29 42 14
30 42 15
31 42 16
32 42 17
33 42 18
34 42 19
35 42 20
36 42 21
37 42 22
38 42 23
39 42 24
40 42 25
41 42 26
42 42 27
43 42 28
44 42 29
45 42 30
46 42 31
47 42 32
48 42 33
49 42 34
0 43 26
1 43 25
2 43 24
3 43 23
4 43 22
5 43 21
6 43 20
7 43 19
8 43 18
9 43 17
10 43 16
11 43 15
12 43 14
13 43 13
14 43 12
15 43 11
16 43 10
17 43 9
18 43 8
19 43 8
20 43 8
21 43 8
22 43 8
23 43 9
24 43 10
25 43 11
26 43 12
27 43 13
28 43 14
29 43 15
30 43 16
31 43 17
32 43 18
33 43 19
34 43 20
35 43 21
36 43 22
37 43 23
38 43 24
39 43 25
40 43 26
41 43 27
42 43 28
43 43 29
44 43 30
45 43 31
46 43 32
47 43 33
48 43 34
49 43 35
0 44 27
1 44 26
2 44 25
3 44 24
4 44 23
5 44 22
6 44 21
7 44 20
8 44 19
9 44 18
10 44 17
11 44 16
12 44 15
13 44 14
14 44 13
15 44 12
16 44 11
17 44 10
18 44 9
19 44 9
20 44 9
21 44 9
22 44 9
23 44 10
24 44 11
25 44 12
26 44 13
27 44 14
28 44 15
29 44 16
30 44 17
31 44 18
32 44 19
33 44 20
34 44 21
35 44 22
36 44 23
37 44 24
38 44 25
39 44 26
40 44 27
41 44 28
42 44 29
43 44 30
44 44 31
45 44 32
46 44 33
47 44 34
48 44 35
49 44 36
0 45 28
1 45 27
2 45 26
3 45 25
4 45 24
5 45 23
6 45 22
7 45 21
8 45 20
9 45 19
10 45 18
11 45 17
12 45 16
13 45 15
14 45 14
15 45 13
16 45 12
17 45 11
18 45 10
19 45 10
20 45 10
21 45 10
22 45 10
23 45 11
24 45 12
25 45 13
26 45 14
27 45 15
28 45 16
29 45 17
30 45 18
31 45 19
32 45 20
33 45 21
34 45 22
35 45 23
36 45 24
37 45 25
38 45 26
39 45 27
40 45 28
41 45 29
42 45 30
43 45 31
44 45 32
45 45 33
46 45 34
47 45 35
48 45 36
49 45 37
0 46 29
1 46 28
2 46 27
3 46 26
4 46 25
5 46 24
6 46 23
7 46 22
8 46 21
9 46 20
10 46 19
11 46 18
12 46 17
13 46 16
14 46 15
15 46 14
16 46 13
17 46 12
18 46 11
19 46 11
20 46 11
21 46 11
22 46 11
23 46 12
24 46 13
25 46 14
26 46 15
27 46 16
28 46 17
29 46 18
30 46 19
31 46 20
32 46 21
33 46 22
34 46 23
35 46 24
36 46 25
37 46 26
38 46 27
39 46 28
40 46 29
41 46 30
42 46 31
43 46 32
44 46 33
45 46 34
46 46 35
47 46 36
48 46 37
49 46 38
0 47 30
1 47 29
2 47 28
3 47 27
4 47 26
5 47 25
6 47 24
7 47 23
8 47 22
9 47 21
10 47 20
11 47 19
12 47 18
13 47 17
14 47 16
15 47 15
16 47 14
17 47 13
18 47 12
19 47 12
20 47 12
21 47 12
22 47 12
23 47 13
24 47 14
25 47 15
26 47 16
27 47 17
28 47 18
29 47 19
30 47 20
31 47 21
32 47 22
33 47 23
34 47 24
35 47 25
36 47 26
37 47 27
38 47 28
39 47 29
40 47 30
41 47 31
42 47 32
43 47 33
44 47 34
45 47 35
46 47 36
47 47 37
48 47 38
49 47 39
0 48 31
1 48 30
2 48 29
3 48 28
4 48 27
5 48 26
6 48 25
7 48 24
8 48 23
9 48 22
10 48 21
11 48 20
12 48 19
13 48 18
14 48 17
15 48 16
16 48 15
17 48 14
18 48 13
19 48 13
20 48 13
21 48 13
22 48 13
23 48 14
24 48 15
25 48 16
26 48 17
27 48 18
28 48 19
29 48 20
30 48 21
31 48 22
32 48 23
33 48 24
34 48 25
35 48 26
36 48 27
37 48 28
38 48 29
39 48 30
40 48 31
41 48 32
42 48 33
43 48 34
44 48 35
45 48 36
46 48 37
47 48 38
48 48 39
49 48 40
0 49 32
1 49 31
2 49 30
3 49 29
4 49 28
5 49 27
6 49 26
7 49 25
8 49 24
9 49 23
10 49 22
11 49 21
12 49 20
13 49 19
14 49 18
15 49 17
16 49 16
17 49 15
18 49 14
19 49 14
20 49 14
21 49 14
22 49 14
23 49 15
24 49 16
25 49 17
26 49 18
27 49 19
28 49 20
29 49 21
30 49 22
31 49 23
32 49 24
33 49 25
34 49 26
35 49 27
36 49 28
37 49 29
38 49 30
39 49 31
40 49 32
41 49 33
42 49 34
43 49 35
44 49 36
45 49 37
46 49 38
47 49 39
48 49 40
49 49 41
