0 -3
0.204082 -3
0.408163 -3
0.612245 -3
0.816327 -3
1.02041 -3
1.22449 -3
1.42857 -3
1.63265 -3
1.83673 -3
2.04082 -3
2.2449 -3
2.44898 -3
2.65306 -3
2.85714 -3
3.06122 -3
3.26531 -3
3.46939 -3
3.67347 -3
3.87755 -3
4.08163 -3
4.28571 -3
4.4898 -3
4.69388 -3
4.89796 -3
5.10204 -3
5.30612 -3
5.5102 -3
5.71429 -3
5.91837 -3
6.12245 -3
6.32653 -3
6.53061 -3
6.73469 -3
6.93878 -3
7.14286 -3
7.34694 -3
7.55102 -3
7.7551 -3
7.95918 -3
8.16327 -3
8.36735 -3
8.57143 -3
8.77551 -3
8.97959 -3
9.18367 -3
9.38776 -3
9.59184 -3
9.79592 -3
10 -3
0 -2.87755
0.204082 -2.87755
0.408163 -2.87755
0.612245 -2.87755
0.816327 -2.87755
1.02041 -2.87755
1.22449 -2.87755
1.42857 -2.87755
1.63265 -2.87755
1.83673 -2.87755
2.04082 -2.87755
2.2449 -2.87755
2.44898 -2.87755
2.65306 -2.87755
2.85714 -2.87755
3.06122 -2.87755
3.26531 -2.87755
3.46939 -2.87755
3.67347 -2.87755
3.87755 -2.87755
4.08163 -2.87755
4.28571 -2.87755
4.4898 -2.87755
4.69388 -2.87755
4.89796 -2.87755
5.10204 -2.87755
5.30612 -2.87755
5.5102 -2.87755
5.71429 -2.87755
5.91837 -2.87755
6.12245 -2.87755
6.32653 -2.87755
6.53061 -2.87755
6.73469 -2.87755
6.93878 -2.87755
7.14286 -2.87755
7.34694 -2.87755
7.55102 -2.87755
7.7551 -2.87755
7.95918 -2.87755
8.16327 -2.87755
8.36735 -2.87755
8.57143 -2.87755
8.77551 -2.87755
8.97959 -2.87755
9.18367 -2.87755
9.38776 -2.87755
9.59184 -2.87755
9.79592 -2.87755
10 -2.87755
0 -2.7551
0.204082 -2.7551
0.408163 -2.7551
0.612245 -2.7551
0.816327 -2.7551
1.02041 -2.7551
1.22449 -2.7551
1.42857 -2.7551
1.63265 -2.7551
1.83673 -2.7551
2.04082 -2.7551
2.2449 -2.7551
2.44898 -2.7551
2.65306 -2.7551
2.85714 -2.7551
3.06122 -2.7551
3.26531 -2.7551
3.46939 -2.7551
3.67347 -2.7551
3.87755 -2.7551
4.08163 -2.7551
4.28571 -2.7551
4.4898 -2.7551
4.69388 -2.7551
4.89796 -2.7551
5.10204 -2.7551
5.30612 -2.7551
5.5102 -2.7551
5.71429 -2.7551
5.91837 -2.7551
6.12245 -2.7551
6.32653 -2.7551
6.53061 -2.7551
6.73469 -2.7551
6.93878 -2.7551
7.14286 -2.7551
7.34694 -2.7551
7.55102 -2.7551
7.7551 -2.7551
7.95918 -2.7551
8.16327 -2.7551
8.36735 -2.7551
8.57143 -2.7551
8.77551 -2.7551
8.97959 -2.7551
9.18367 -2.7551
9.38776 -2.7551
9.59184 -2.7551
9.79592 -2.7551
10 -2.7551
0 -2.63265
0.204082 -2.63265
0.408163 -2.63265
0.612245 -2.63265
0.816327 -2.63265
1.02041 -2.63265
1.22449 -2.63265
1.42857 -2.63265
1.63265 -2.63265
1.83673 -2.63265
2.04082 -2.63265
2.2449 -2.63265
2.44898 -2.63265
2.65306 -2.63265
2.85714 -2.63265
3.06122 -2.63265
3.26531 -2.63265
3.46939 -2.63265
3.67347 -2.63265
3.87755 -2.63265
4.08163 -2.63265
4.28571 -2.63265
4.4898 -2.63265
4.69388 -2.63265
4.89796 -2.63265
5.10204 -2.63265
5.30612 -2.63265
5.5102 -2.63265
5.71429 -2.63265
5.91837 -2.63265
6.12245 -2.63265
6.32653 -2.63265
6.53061 -2.63265
6.73469 -2.63265
6.93878 -2.63265
7.14286 -2.63265
7.34694 -2.63265
7.55102 -2.63265
7.7551 -2.63265
7.95918 -2.63265
8.16327 -2.63265
8.36735 -2.63265
8.57143 -2.63265
8.77551 -2.63265
8.97959 -2.63265
9.18367 -2.63265
9.38776 -2.63265
9.59184 -2.63265
9.79592 -2.63265
10 -2.63265
0 -2.5102
0.204082 -2.5102
0.408163 -2.5102
0.612245 -2.5102
0.816327 -2.5102
1.02041 -2.5102
1.22449 -2.5102
1.42857 -2.5102
1.63265 -2.5102
1.83673 -2.5102
2.04082 -2.5102
2.2449 -2.5102
2.44898 -2.5102
2.65306 -2.5102
2.85714 -2.5102
3.06122 -2.5102
3.26531 -2.5102
3.46939 -2.5102
3.67347 -2.5102
3.87755 -2.5102
4.08163 -2.5102
4.28571 -2.5102
4.4898 -2.5102
4.69388 -2.5102
4.89796 -2.5102
5.10204 -2.5102
5.30612 -2.5102
5.5102 -2.5102
5.71429 -2.5102
5.91837 -2.5102
6.12245 -2.5102
6.32653 -2.5102
6.53061 -2.5102
6.73469 -2.5102
6.93878 -2.5102
7.14286 -2.5102
7.34694 -2.5102
7.55102 -2.5102
7.7551 -2.5102
7.95918 -2.5102
8.16327 -2.5102
8.36735 -2.5102
8.57143 -2.5102
8.77551 -2.5102
8.97959 -2.5102
9.18367 -2.5102
9.38776 -2.5102
9.59184 -2.5102
9.79592 -2.5102
10 -2.5102
0 -2.38776
0.204082 -2.38776
0.408163 -2.38776
0.612245 -2.38776
0.816327 -2.38776
1.02041 -2.38776
1.22449 -2.38776
1.42857 -2.38776
1.63265 -2.38776
1.83673 -2.38776
2.04082 -2.38776
2.2449 -2.38776
2.44898 -2.38776
2.65306 -2.38776
2.85714 -2.38776
3.06122 -2.38776
3.26531 -2.38776
3.46939 -2.38776
3.67347 -2.38776
3.87755 -2.38776
4.08163 -2.38776
4.28571 -2.38776
4.4898 -2.38776
4.69388 -2.38776
4.89796 -2.38776
5.10204 -2.38776
5.30612 -2.38776
5.5102 -2.38776
5.71429 -2.38776
5.91837 -2.38776
6.12245 -2.38776
6.32653 -2.38776
6.53061 -2.38776
6.73469 -2.38776
6.93878 -2.38776
7.14286 -2.38776
7.34694 -2.38776
7.55102 -2.38776
7.7551 -2.38776
7.95918 -2.38776
8.16327 -2.38776
8.36735 -2.38776
8.57143 -2.38776
8.77551 -2.38776
8.97959 -2.38776
9.18367 -2.38776
9.38776 -2.38776
9.59184 -2.38776
9.79592 -2.38776
10 -2.38776
0 -2.26531
0.204082 -2.26531
0.408163 -2.26531
0.612245 -2.26531
0.816327 -2.26531
1.02041 -2.26531
1.22449 -2.26531
1.42857 -2.26531
1.63265 -2.26531
1.83673 -2.26531
2.04082 -2.26531
2.2449 -2.26531
2.44898 -2.26531
2.65306 -2.26531
2.85714 -2.26531
3.06122 -2.26531
3.26531 -2.26531
3.46939 -2.26531
3.67347 -2.26531
3.87755 -2.26531
4.08163 -2.26531
4.28571 -2.26531
4.4898 -2.26531
4.69388 -2.26531
4.89796 -2.26531
5.10204 -2.26531
5.30612 -2.26531
5.5102 -2.26531
5.71429 -2.26531
5.91837 -2.26531
6.12245 -2.26531
6.32653 -2.26531
6.53061 -2.26531
6.73469 -2.26531
6.93878 -2.26531
7.14286 -2.26531
7.34694 -2.26531
7.55102 -2.26531
7.7551 -2.26531
7.95918 -2.26531
8.16327 -2.26531
8.36735 -2.26531
8.57143 -2.26531
8.77551 -2.26531
8.97959 -2.26531
9.18367 -2.26531
9.38776 -2.26531
9.59184 -2.26531
9.79592 -2.26531
10 -2.26531
0 -2.14286
0.204082 -2.14286
0.408163 -2.14286
0.612245 -2.14286
0.816327 -2.14286
1.02041 -2.14286
1.22449 -2.14286
1.42857 -2.14286
1.63265 -2.14286
1.83673 -2.14286
2.04082 -2.14286
2.2449 -2.14286
2.44898 -2.14286
2.65306 -2.14286
2.85714 -2.14286
3.06122 -2.14286
3.26531 -2.14286
3.46939 -2.14286
3.67347 -2.14286
3.87755 -2.14286
4.08163 -2.14286
4.28571 -2.14286
4.4898 -2.14286
4.69388 -2.14286
4.89796 -2.14286
5.10204 -2.14286
5.30612 -2.14286
5.5102 -2.14286
5.71429 -2.14286
5.91837 -2.14286
6.12245 -2.14286
6.32653 -2.14286
6.53061 -2.14286
6.73469 -2.14286
6.93878 -2.14286
7.14286 -2.14286
7.34694 -2.14286
7.55102 -2.14286
7.7551 -2.14286
7.95918 -2.14286
8.16327 -2.14286
8.36735 -2.14286
8.57143 -2.14286
8.77551 -2.14286
8.97959 -2.14286
9.18367 -2.14286
9.38776 -2.14286
9.59184 -2.14286
9.79592 -2.14286
10 -2.14286
0 -2.02041
0.204082 -2.02041
0.408163 -2.02041
0.612245 -2.02041
0.816327 -2.02041
1.02041 -2.02041
1.22449 -2.02041
1.42857 -2.02041
1.63265 -2.02041
1.83673 -2.02041
2.04082 -2.02041
2.2449 -2.02041
2.44898 -2.02041
2.65306 -2.02041
2.85714 -2.02041
3.06122 -2.02041
3.26531 -2.02041
3.46939 -2.02041
3.67347 -2.02041
3.87755 -2.02041
4.08163 -2.02041
4.28571 -2.02041
4.4898 -2.02041
4.69388 -2.02041
4.89796 -2.02041
5.10204 -2.02041
5.30612 -2.02041
5.5102 -2.02041
5.71429 -2.02041
5.91837 -2.02041
6.12245 -2.02041
6.32653 -2.02041
6.53061 -2.02041
6.73469 -2.02041
6.93878 -2.02041
7.14286 -2.02041
7.34694 -2.02041
7.55102 -2.02041
7.7551 -2.02041
7.95918 -2.02041
8.16327 -2.02041
8.36735 -2.02041
8.57143 -2.02041
8.77551 -2.02041
8.97959 -2.02041
9.18367 -2.02041
9.38776 -2.02041
9.59184 -2.02041
9.79592 -2.02041
10 -2.02041
0 -1.89796
0.204082 -1.89796
0.408163 -1.89796
0.612245 -1.89796
0.816327 -1.89796
1.02041 -1.89796
1.22449 -1.89796
1.42857 -1.89796
1.63265 -1.89796
1.83673 -1.89796
2.04082 -1.89796
2.2449 -1.89796
2.44898 -1.89796
2.65306 -1.89796
2.85714 -1.89796
3.06122 -1.89796
3.26531 -1.89796
3.46939 -1.89796
3.67347 -1.89796
3.87755 -1.89796
4.08163 -1.89796
4.28571 -1.89796
4.4898 -1.89796
4.69388 -1.89796
4.89796 -1.89796
5.10204 -1.89796
5.30612 -1.89796
5.5102 -1.89796
5.71429 -1.89796
5.91837 -1.89796
6.12245 -1.89796
6.32653 -1.89796
6.53061 -1.89796
6.73469 -1.89796
6.93878 -1.89796
7.14286 -1.89796
7.34694 -1.89796
7.55102 -1.89796
7.7551 -1.89796
7.95918 -1.89796
8.16327 -1.89796
8.36735 -1.89796
8.57143 -1.89796
8.77551 -1.89796
8.97959 -1.89796
9.18367 -1.89796
9.38776 -1.89796
9.59184 -1.89796
9.79592 -1.89796
10 -1.89796
0 -1.77551
0.204082 -1.77551
0.408163 -1.77551
0.612245 -1.77551
0.816327 -1.77551
1.02041 -1.77551
1.22449 -1.77551
1.42857 -1.77551
1.63265 -1.77551
1.83673 -1.77551
2.04082 -1.77551
2.2449 -1.77551
2.44898 -1.77551
2.65306 -1.77551
2.85714 -1.77551
3.06122 -1.77551
3.26531 -1.77551
3.46939 -1.77551
3.67347 -1.77551
3.87755 -1.77551
4.08163 -1.77551
4.28571 -1.77551
4.4898 -1.77551
4.69388 -1.77551
4.89796 -1.77551
5.10204 -1.77551
5.30612 -1.77551
5.5102 -1.77551
5.71429 -1.77551
5.91837 -1.77551
6.12245 -1.77551
6.32653 -1.77551
6.53061 -1.77551
6.73469 -1.77551
6.93878 -1.77551
7.14286 -1.77551
7.34694 -1.77551
7.55102 -1.77551
7.7551 -1.77551
7.95918 -1.77551
8.16327 -1.77551
8.36735 -1.77551
8.57143 -1.77551
8.77551 -1.77551
8.97959 -1.77551
9.18367 -1.77551
9.38776 -1.77551
9.59184 -1.77551
9.79592 -1.77551
10 -1.77551
0 -1.65306
0.204082 -1.65306
0.408163 -1.65306
0.612245 -1.65306
0.816327 -1.65306
1.02041 -1.65306
1.22449 -1.65306
1.42857 -1.65306
1.63265 -1.65306
1.83673 -1.65306
2.04082 -1.65306
2.2449 -1.65306
2.44898 -1.65306
2.65306 -1.65306
2.85714 -1.65306
3.06122 -1.65306
3.26531 -1.65306
3.46939 -1.65306
3.67347 -1.65306
3.87755 -1.65306
4.08163 -1.65306
4.28571 -1.65306
4.4898 -1.65306
4.69388 -1.65306
4.89796 -1.65306
5.10204 -1.65306
5.30612 -1.65306
5.5102 -1.65306
5.71429 -1.65306
5.91837 -1.65306
6.12245 -1.65306
6.32653 -1.65306
6.53061 -1.65306
6.73469 -1.65306
6.93878 -1.65306
7.14286 -1.65306
7.34694 -1.65306
7.55102 -1.65306
7.7551 -1.65306
7.95918 -1.65306
8.16327 -1.65306
8.36735 -1.65306
8.57143 -1.65306
8.77551 -1.65306
8.97959 -1.65306
9.18367 -1.65306
9.38776 -1.65306
9.59184 -1.65306
9.79592 -1.65306
10 -1.65306
0 -1.53061
0.204082 -1.53061
0.408163 -1.53061
0.612245 -1.53061
0.816327 -1.53061
1.02041 -1.53061
1.22449 -1.53061
1.42857 -1.53061
1.63265 -1.53061
1.83673 -1.53061
2.04082 -1.53061
2.2449 -1.53061
2.44898 -1.53061
2.65306 -1.53061
2.85714 -1.53061
3.06122 -1.53061
3.26531 -1.53061
3.46939 -1.53061
3.67347 -1.53061
3.87755 -1.53061
4.08163 -1.53061
4.28571 -1.53061
4.4898 -1.53061
4.69388 -1.53061
4.89796 -1.53061
5.10204 -1.53061
5.30612 -1.53061
5.5102 -1.53061
5.71429 -1.53061
5.91837 -1.53061
6.12245 -1.53061
6.32653 -1.53061
6.53061 -1.53061
6.73469 -1.53061
6.93878 -1.53061
7.14286 -1.53061
7.34694 -1.53061
7.55102 -1.53061
7.7551 -1.53061
7.95918 -1.53061
8.16327 -1.53061
8.36735 -1.53061
8.57143 -1.53061
8.77551 -1.53061
8.97959 -1.53061
9.18367 -1.53061
9.38776 -1.53061
9.59184 -1.53061
9.79592 -1.53061
10 -1.53061
0 -1.40816
0.204082 -1.40816
0.408163 -1.40816
0.612245 -1.40816
0.816327 -1.40816
1.02041 -1.40816
1.22449 -1.40816
1.42857 -1.40816
1.63265 -1.40816
1.83673 -1.40816
2.04082 -1.40816
2.2449 -1.40816
2.44898 -1.40816
2.65306 -1.40816
2.85714 -1.40816
3.06122 -1.40816
3.26531 -1.40816
3.46939 -1.40816
3.67347 -1.40816
3.87755 -1.40816
4.08163 -1.40816
4.28571 -1.40816
4.4898 -1.40816
4.69388 -1.40816
4.89796 -1.40816
5.10204 -1.40816
5.30612 -1.40816
5.5102 -1.40816
5.71429 -1.40816
5.91837 -1.40816
6.12245 -1.40816
6.32653 -1.40816
6.53061 -1.40816
6.73469 -1.40816
6.93878 -1.40816
7.14286 -1.40816
7.34694 -1.40816
7.55102 -1.40816
7.7551 -1.40816
7.95918 -1.40816
8.16327 -1.40816
8.36735 -1.40816
8.57143 -1.40816
8.77551 -1.40816
8.97959 -1.40816
9.18367 -1.40816
9.38776 -1.40816
9.59184 -1.40816
9.79592 -1.40816
10 -1.40816
0 -1.28571
0.204082 -1.28571
0.408163 -1.28571
0.612245 -1.28571
0.816327 -1.28571
1.02041 -1.28571
1.22449 -1.28571
1.42857 -1.28571
1.63265 -1.28571
1.83673 -1.28571
2.04082 -1.28571
2.2449 -1.28571
2.44898 -1.28571
2.65306 -1.28571
2.85714 -1.28571
3.06122 -1.28571
3.26531 -1.28571
3.46939 -1.28571
3.67347 -1.28571
3.87755 -1.28571
4.08163 -1.28571
4.28571 -1.28571
4.4898 -1.28571
4.69388 -1.28571
4.89796 -1.28571
5.10204 -1.28571
5.30612 -1.28571
5.5102 -1.28571
5.71429 -1.28571
5.91837 -1.28571
6.12245 -1.28571
6.32653 -1.28571
6.53061 -1.28571
6.73469 -1.28571
6.93878 -1.28571
7.14286 -1.28571
7.34694 -1.28571
7.55102 -1.28571
7.7551 -1.28571
7.95918 -1.28571
8.16327 -1.28571
8.36735 -1.28571
8.57143 -1.28571
8.77551 -1.28571
8.97959 -1.28571
9.18367 -1.28571
9.38776 -1.28571
9.59184 -1.28571
9.79592 -1.28571
10 -1.28571
0 -1.16327
0.204082 -1.16327
0.408163 -1.16327
0.612245 -1.16327
0.816327 -1.16327
1.02041 -1.16327
1.22449 -1.16327
1.42857 -1.16327
1.63265 -1.16327
1.83673 -1.16327
2.04082 -1.16327
2.2449 -1.16327
2.44898 -1.16327
2.65306 -1.16327
2.85714 -1.16327
3.06122 -1.16327
3.26531 -1.16327
3.46939 -1.16327
3.67347 -1.16327
3.87755 -1.16327
4.08163 -1.16327
4.28571 -1.16327
4.4898 -1.16327
4.69388 -1.16327
4.89796 -1.16327
5.10204 -1.16327
5.30612 -1.16327
5.5102 -1.16327
5.71429 -1.16327
5.91837 -1.16327
6.12245 -1.16327
6.32653 -1.16327
6.53061 -1.16327
6.73469 -1.16327
6.93878 -1.16327
7.14286 -1.16327
7.34694 -1.16327
7.55102 -1.16327
7.7551 -1.16327
7.95918 -1.16327
8.16327 -1.16327
8.36735 -1.16327
8.57143 -1.16327
8.77551 -1.16327
8.97959 -1.16327
9.18367 -1.16327
9.38776 -1.16327
9.59184 -1.16327
9.79592 -1.16327
10 -1.16327
0 -1.04082
0.204082 -1.04082
0.408163 -1.04082
0.612245 -1.04082
0.816327 -1.04082
1.02041 -1.04082
1.22449 -1.04082
1.42857 -1.04082
1.63265 -1.04082
1.83673 -1.04082
2.04082 -1.04082
2.2449 -1.04082
2.44898 -1.04082
2.65306 -1.04082
2.85714 -1.04082
3.06122 -1.04082
3.26531 -1.04082
3.46939 -1.04082
3.67347 -1.04082
3.87755 -1.04082
4.08163 -1.04082
4.28571 -1.04082
4.4898 -1.04082
4.69388 -1.04082
4.89796 -1.04082
5.10204 -1.04082
5.30612 -1.04082
5.5102 -1.04082
5.71429 -1.04082
5.91837 -1.04082
6.12245 -1.04082
6.32653 -1.04082
6.53061 -1.04082
6.73469 -1.04082
6.93878 -1.04082
7.14286 -1.04082
7.34694 -1.04082
7.55102 -1.04082
7.7551 -1.04082
7.95918 -1.04082
8.16327 -1.04082
8.36735 -1.04082
8.57143 -1.04082
8.77551 -1.04082
8.97959 -1.04082
9.18367 -1.04082
9.38776 -1.04082
9.59184 -1.04082
9.79592 -1.04082
10 -1.04082
0 -0.918367
0.204082 -0.918367
0.408163 -0.918367
0.612245 -0.918367
0.816327 -0.918367
1.02041 -0.918367
1.22449 -0.918367
1.42857 -0.918367
1.63265 -0.918367
1.83673 -0.918367
2.04082 -0.918367
2.2449 -0.918367
2.44898 -0.918367
2.65306 -0.918367
2.85714 -0.918367
3.06122 -0.918367
3.26531 -0.918367
3.46939 -0.918367
3.67347 -0.918367
3.87755 -0.918367
4.08163 -0.918367
4.28571 -0.918367
4.4898 -0.918367
4.69388 -0.918367
4.89796 -0.918367
5.10204 -0.918367
5.30612 -0.918367
5.5102 -0.918367
5.71429 -0.918367
5.91837 -0.918367
6.12245 -0.918367
6.32653 -0.918367
6.53061 -0.918367
6.73469 -0.918367
6.93878 -0.918367
7.14286 -0.918367
7.34694 -0.918367
7.55102 -0.918367
7.7551 -0.918367
7.95918 -0.918367
8.16327 -0.918367
8.36735 -0.918367
8.57143 -0.918367
8.77551 -0.918367
8.97959 -0.918367
9.18367 -0.918367
9.38776 -0.918367
9.59184 -0.918367
9.79592 -0.918367
10 -0.918367
0 -0.795918
0.204082 -0.795918
0.408163 -0.795918
0.612245 -0.795918
0.816327 -0.795918
1.02041 -0.795918
1.22449 -0.795918
1.42857 -0.795918
1.63265 -0.795918
1.83673 -0.795918
2.04082 -0.795918
2.2449 -0.795918
2.44898 -0.795918
2.65306 -0.795918
2.85714 -0.795918
3.06122 -0.795918
3.26531 -0.795918
3.46939 -0.795918
3.67347 -0.795918
3.87755 -0.795918
4.08163 -0.795918
4.28571 -0.795918
4.4898 -0.795918
4.69388 -0.795918
4.89796 -0.795918
5.10204 -0.795918
5.30612 -0.795918
5.5102 -0.795918
5.71429 -0.795918
5.91837 -0.795918
6.12245 -0.795918
6.32653 -0.795918
6.53061 -0.795918
6.73469 -0.795918
6.93878 -0.795918
7.14286 -0.795918
7.34694 -0.795918
7.55102 -0.795918
7.7551 -0.795918
7.95918 -0.795918
8.16327 -0.795918
8.36735 -0.795918
8.57143 -0.795918
8.77551 -0.795918
8.97959 -0.795918
9.18367 -0.795918
9.38776 -0.795918
9.59184 -0.795918
9.79592 -0.795918
10 -0.795918
0 -0.673469
0.204082 -0.673469
0.408163 -0.673469
0.612245 -0.673469
0.816327 -0.673469
1.02041 -0.673469
1.22449 -0.673469
1.42857 -0.673469
1.63265 -0.673469
1.83673 -0.673469
2.04082 -0.673469
2.2449 -0.673469
2.44898 -0.673469
2.65306 -0.673469
2.85714 -0.673469
3.06122 -0.673469
3.26531 -0.673469
3.46939 -0.673469
3.67347 -0.673469
3.87755 -0.673469
4.08163 -0.673469
4.28571 -0.673469
4.4898 -0.673469
4.69388 -0.673469
4.89796 -0.673469
5.10204 -0.673469
5.30612 -0.673469
5.5102 -0.673469
5.71429 -0.673469
5.91837 -0.673469
6.12245 -0.673469
6.32653 -0.673469
6.53061 -0.673469
6.73469 -0.673469
6.93878 -0.673469
7.14286 -0.673469
7.34694 -0.673469
7.55102 -0.673469
7.7551 -0.673469
7.95918 -0.673469
8.16327 -0.673469
8.36735 -0.673469
8.57143 -0.673469
8.77551 -0.673469
8.97959 -0.673469
9.18367 -0.673469
9.38776 -0.673469
9.59184 -0.673469
9.79592 -0.673469
10 -0.673469
0 -0.55102
0.204082 -0.55102
0.408163 -0.55102
0.612245 -0.55102
0.816327 -0.55102
1.02041 -0.55102
1.22449 -0.55102
1.42857 -0.55102
1.63265 -0.55102
1.83673 -0.55102
2.04082 -0.55102
2.2449 -0.55102
2.44898 -0.55102
2.65306 -0.55102
2.85714 -0.55102
3.06122 -0.55102
3.26531 -0.55102
3.46939 -0.55102
3.67347 -0.55102
3.87755 -0.55102
4.08163 -0.55102
4.28571 -0.55102
4.4898 -0.55102
4.69388 -0.55102
4.89796 -0.55102
5.10204 -0.55102
5.30612 -0.55102
5.5102 -0.55102
5.71429 -0.55102
5.91837 -0.55102
6.12245 -0.55102
6.32653 -0.55102
6.53061 -0.55102
6.73469 -0.55102
6.93878 -0.55102
7.14286 -0.55102
7.34694 -0.55102
7.55102 -0.55102
7.7551 -0.55102
7.95918 -0.55102
8.16327 -0.55102
8.36735 -0.55102
8.57143 -0.55102
8.77551 -0.55102
8.97959 -0.55102
9.18367 -0.55102
9.38776 -0.55102
9.59184 -0.55102
9.79592 -0.55102
10 -0.55102
0 -0.428571
0.204082 -0.428571
0.408163 -0.428571
0.612245 -0.428571
0.816327 -0.428571
1.02041 -0.428571
1.22449 -0.428571
1.42857 -0.428571
1.63265 -0.428571
1.83673 -0.428571
2.04082 -0.428571
2.2449 -0.428571
2.44898 -0.428571
2.65306 -0.428571
2.85714 -0.428571
3.06122 -0.428571
3.26531 -0.428571
3.46939 -0.428571
3.67347 -0.428571
3.87755 -0.428571
4.08163 -0.428571
4.28571 -0.428571
4.4898 -0.428571
4.69388 -0.428571
4.89796 -0.428571
5.10204 -0.428571
5.30612 -0.428571
5.5102 -0.428571
5.71429 -0.428571
5.91837 -0.428571
6.12245 -0.428571
6.32653 -0.428571
6.53061 -0.428571
6.73469 -0.428571
6.93878 -0.428571
7.14286 -0.428571
7.34694 -0.428571
7.55102 -0.428571
7.7551 -0.428571
7.95918 -0.428571
8.16327 -0.428571
8.36735 -0.428571
8.57143 -0.428571
8.77551 -0.428571
8.97959 -0.428571
9.18367 -0.428571
9.38776 -0.428571
9.59184 -0.428571
9.79592 -0.428571
10 -0.428571
0 -0.306122
0.204082 -0.306122
0.408163 -0.306122
0.612245 -0.306122
0.816327 -0.306122
1.02041 -0.306122
1.22449 -0.306122
1.42857 -0.306122
1.63265 -0.306122
1.83673 -0.306122
2.04082 -0.306122
2.2449 -0.306122
2.44898 -0.306122
2.65306 -0.306122
2.85714 -0.306122
3.06122 -0.306122
3.26531 -0.306122
3.46939 -0.306122
3.67347 -0.306122
3.87755 -0.306122
4.08163 -0.306122
4.28571 -0.306122
4.4898 -0.306122
4.69388 -0.306122
4.89796 -0.306122
5.10204 -0.306122
5.30612 -0.306122
5.5102 -0.306122
5.71429 -0.306122
5.91837 -0.306122
6.12245 -0.306122
6.32653 -0.306122
6.53061 -0.306122
6.73469 -0.306122
6.93878 -0.306122
7.14286 -0.306122
7.34694 -0.306122
7.55102 -0.306122
7.7551 -0.306122
7.95918 -0.306122
8.16327 -0.306122
8.36735 -0.306122
8.57143 -0.306122
8.77551 -0.306122
8.97959 -0.306122
9.18367 -0.306122
9.38776 -0.306122
9.59184 -0.306122
9.79592 -0.306122
10 -0.306122
0 -0.183673
0.204082 -0.183673
0.408163 -0.183673
0.612245 -0.183673
0.816327 -0.183673
1.02041 -0.183673
1.22449 -0.183673
1.42857 -0.183673
1.63265 -0.183673
1.83673 -0.183673
2.04082 -0.183673
2.2449 -0.183673
2.44898 -0.183673
2.65306 -0.183673
2.85714 -0.183673
3.06122 -0.183673
3.26531 -0.183673
3.46939 -0.183673
3.67347 -0.183673
3.87755 -0.183673
4.08163 -0.183673
4.28571 -0.183673
4.4898 -0.183673
4.69388 -0.183673
4.89796 -0.183673
5.10204 -0.183673
5.30612 -0.183673
5.5102 -0.183673
5.71429 -0.183673
5.91837 -0.183673
6.12245 -0.183673
6.32653 -0.183673
6.53061 -0.183673
6.73469 -0.183673
6.93878 -0.183673
7.14286 -0.183673
7.34694 -0.183673
7.55102 -0.183673
7.7551 -0.183673
7.95918 -0.183673
8.16327 -0.183673
8.36735 -0.183673
8.57143 -0.183673
8.77551 -0.183673
8.97959 -0.183673
9.18367 -0.183673
9.38776 -0.183673
9.59184 -0.183673
9.79592 -0.183673
10 -0.183673
0 -0.0612245
0.204082 -0.0612245
0.408163 -0.0612245
0.612245 -0.0612245
0.816327 -0.0612245
1.02041 -0.0612245
1.22449 -0.0612245
1.42857 -0.0612245
1.63265 -0.0612245
1.83673 -0.0612245
2.04082 -0.0612245
2.2449 -0.0612245
2.44898 -0.0612245
2.65306 -0.0612245
2.85714 -0.0612245
3.06122 -0.0612245
3.26531 -0.0612245
3.46939 -0.0612245
3.67347 -0.0612245
3.87755 -0.0612245
4.08163 -0.0612245
4.28571 -0.0612245
4.4898 -0.0612245
4.69388 -0.0612245
4.89796 -0.0612245
5.10204 -0.0612245
5.30612 -0.0612245
5.5102 -0.0612245
5.71429 -0.0612245
5.91837 -0.0612245
6.12245 -0.0612245
6.32653 -0.0612245
6.53061 -0.0612245
6.73469 -0.0612245
6.93878 -0.0612245
7.14286 -0.0612245
7.34694 -0.0612245
7.55102 -0.0612245
7.7551 -0.0612245
7.95918 -0.0612245
8.16327 -0.0612245
8.36735 -0.0612245
8.57143 -0.0612245
8.77551 -0.0612245
8.97959 -0.0612245
9.18367 -0.0612245
9.38776 -0.0612245
9.59184 -0.0612245
9.79592 -0.0612245
10 -0.0612245
0 0.0612245
0.204082 0.0612245
0.408163 0.0612245
0.612245 0.0612245
0.816327 0.0612245
1.02041 0.0612245
1.22449 0.0612245
1.42857 0.0612245
1.63265 0.0612245
1.83673 0.0612245
2.04082 0.0612245
2.2449 0.0612245
2.44898 0.0612245
2.65306 0.0612245
2.85714 0.0612245
3.06122 0.0612245
3.26531 0.0612245
3.46939 0.0612245
3.67347 0.0612245
3.87755 0.0612245
4.08163 0.0612245
4.28571 0.0612245
4.4898 0.0612245
4.69388 0.0612245
4.89796 0.0612245
5.10204 0.0612245
5.30612 0.0612245
5.5102 0.0612245
5.71429 0.0612245
5.91837 0.0612245
6.12245 0.0612245
6.32653 0.0612245
6.53061 0.0612245
6.73469 0.0612245
6.93878 0.0612245
7.14286 0.0612245
7.34694 0.0612245
7.55102 0.0612245
7.7551 0.0612245
7.95918 0.0612245
8.16327 0.0612245
8.36735 0.0612245
8.57143 0.0612245
8.77551 0.0612245
8.97959 0.0612245
9.18367 0.0612245
9.38776 0.0612245
9.59184 0.0612245
9.79592 0.0612245
10 0.0612245
0 0.183673
0.204082 0.183673
0.408163 0.183673
0.612245 0.183673
0.816327 0.183673
1.02041 0.183673
1.22449 0.183673
1.42857 0.183673
1.63265 0.183673
1.83673 0.183673
2.04082 0.183673
2.2449 0.183673
2.44898 0.183673
2.65306 0.183673
2.85714 0.183673
3.06122 0.183673
3.26531 0.183673
3.46939 0.183673
3.67347 0.183673
3.87755 0.183673
4.08163 0.183673
4.28571 0.183673
4.4898 0.183673
4.69388 0.183673
4.89796 0.183673
5.10204 0.183673
5.30612 0.183673
5.5102 0.183673
5.71429 0.183673
5.91837 0.183673
6.12245 0.183673
6.32653 0.183673
6.53061 0.183673
6.73469 0.183673
6.93878 0.183673
7.14286 0.183673
7.34694 0.183673
7.55102 0.183673
7.7551 0.183673
7.95918 0.183673
8.16327 0.183673
8.36735 0.183673
8.57143 0.183673
8.77551 0.183673
8.97959 0.183673
9.18367 0.183673
9.38776 0.183673
9.59184 0.183673
9.79592 0.183673
10 0.183673
0 0.306122
0.204082 0.306122
0.408163 0.306122
0.612245 0.306122
0.816327 0.306122
1.02041 0.306122
1.22449 0.306122
1.42857 0.306122
1.63265 0.306122
1.83673 0.306122
2.04082 0.306122
2.2449 0.306122
2.44898 0.306122
2.65306 0.306122
2.85714 0.306122
3.06122 0.306122
3.26531 0.306122
3.46939 0.306122
3.67347 0.306122
3.87755 0.306122
4.08163 0.306122
4.28571 0.306122
4.4898 0.306122
4.69388 0.306122
4.89796 0.306122
5.10204 0.306122
5.30612 0.306122
5.5102 0.306122
5.71429 0.306122
5.91837 0.306122
6.12245 0.306122
6.32653 0.306122
6.53061 0.306122
6.73469 0.306122
6.93878 0.306122
7.14286 0.306122
7.34694 0.306122
7.55102 0.306122
7.7551 0.306122
7.95918 0.306122
8.16327 0.306122
8.36735 0.306122
8.57143 0.306122
8.77551 0.306122
8.97959 0.306122
9.18367 0.306122
9.38776 0.306122
9.59184 0.306122
9.79592 0.306122
10 0.306122
0 0.428571
0.204082 0.428571
0.408163 0.428571
0.612245 0.428571
0.816327 0.428571
1.02041 0.428571
1.22449 0.428571
1.42857 0.428571
1.63265 0.428571
1.83673 0.428571
2.04082 0.428571
2.2449 0.428571
2.44898 0.428571
2.65306 0.428571
2.85714 0.428571
3.06122 0.428571
3.26531 0.428571
3.46939 0.428571
3.67347 0.428571
3.87755 0.428571
4.08163 0.428571
4.28571 0.428571
4.4898 0.428571
4.69388 0.428571
4.89796 0.428571
5.10204 0.428571
5.30612 0.428571
5.5102 0.428571
5.71429 0.428571
5.91837 0.428571
6.12245 0.428571
6.32653 0.428571
6.53061 0.428571
6.73469 0.428571
6.93878 0.428571
7.14286 0.428571
7.34694 0.428571
7.55102 0.428571
7.7551 0.428571
7.95918 0.428571
8.16327 0.428571
8.36735 0.428571
8.57143 0.428571
8.77551 0.428571
8.97959 0.428571
9.18367 0.428571
9.38776 0.428571
9.59184 0.428571
9.79592 0.428571
10 0.428571
0 0.55102
0.204082 0.55102
0.408163 0.55102
0.612245 0.55102
0.816327 0.55102
1.02041 0.55102
1.22449 0.55102
1.42857 0.55102
1.63265 0.55102
1.83673 0.55102
2.04082 0.55102
2.2449 0.55102
2.44898 0.55102
2.65306 0.55102
2.85714 0.55102
3.06122 0.55102
3.26531 0.55102
3.46939 0.55102
3.67347 0.55102
3.87755 0.55102
4.08163 0.55102
4.28571 0.55102
4.4898 0.55102
4.69388 0.55102
4.89796 0.55102
5.10204 0.55102
5.30612 0.55102
5.5102 0.55102
5.71429 0.55102
5.91837 0.55102
6.12245 0.55102
6.32653 0.55102
6.53061 0.55102
6.73469 0.55102
6.93878 0.55102
7.14286 0.55102
7.34694 0.55102
7.55102 0.55102
7.7551 0.55102
7.95918 0.55102
8.16327 0.55102
8.36735 0.55102
8.57143 0.55102
8.77551 0.55102
8.97959 0.55102
9.18367 0.55102
9.38776 0.55102
9.59184 0.55102
9.79592 0.55102
10 0.55102
0 0.673469
0.204082 0.673469
0.408163 0.673469
0.612245 0.673469
0.816327 0.673469
1.02041 0.673469
1.22449 0.673469
1.42857 0.673469
1.63265 0.673469
1.83673 0.673469
2.04082 0.673469
2.2449 0.673469
2.44898 0.673469
2.65306 0.673469
2.85714 0.673469
3.06122 0.673469
3.26531 0.673469
3.46939 0.673469
3.67347 0.673469
3.87755 0.673469
4.08163 0.673469
4.28571 0.673469
4.4898 0.673469
4.69388 0.673469
4.89796 0.673469
5.10204 0.673469
5.30612 0.673469
5.5102 0.673469
5.71429 0.673469
5.91837 0.673469
6.12245 0.673469
6.32653 0.673469
6.53061 0.673469
6.73469 0.673469
6.93878 0.673469
7.14286 0.673469
7.34694 0.673469
7.55102 0.673469
7.7551 0.673469
7.95918 0.673469
8.16327 0.673469
8.36735 0.673469
8.57143 0.673469
8.77551 0.673469
8.97959 0.673469
9.18367 0.673469
9.38776 0.673469
9.59184 0.673469
9.79592 0.673469
10 0.673469
0 0.795918
0.204082 0.795918
0.408163 0.795918
0.612245 0.795918
0.816327 0.795918
1.02041 0.795918
1.22449 0.795918
1.42857 0.795918
1.63265 0.795918
1.83673 0.795918
2.04082 0.795918
2.2449 0.795918
2.44898 0.795918
2.65306 0.795918
2.85714 0.795918
3.06122 0.795918
3.26531 0.795918
3.46939 0.795918
3.67347 0.795918
3.87755 0.795918
4.08163 0.795918
4.28571 0.795918
4.4898 0.795918
4.69388 0.795918
4.89796 0.795918
5.10204 0.795918
5.30612 0.795918
5.5102 0.795918
5.71429 0.795918
5.91837 0.795918
6.12245 0.795918
6.32653 0.795918
6.53061 0.795918
6.73469 0.795918
6.93878 0.795918
7.14286 0.795918
7.34694 0.795918
7.55102 0.795918
7.7551 0.795918
7.95918 0.795918
8.16327 0.795918
8.36735 0.795918
8.57143 0.795918
8.77551 0.795918
8.97959 0.795918
9.18367 0.795918
9.38776 0.795918
9.59184 0.795918
9.79592 0.795918
10 0.795918
0 0.918367
0.204082 0.918367
0.408163 0.918367
0.612245 0.918367
0.816327 0.918367
1.02041 0.918367
1.22449 0.918367
1.42857 0.918367
1.63265 0.918367
1.83673 0.918367
2.04082 0.918367
2.2449 0.918367
2.44898 0.918367
2.65306 0.918367
2.85714 0.918367
3.06122 0.918367
3.26531 0.918367
3.46939 0.918367
3.67347 0.918367
3.87755 0.918367
4.08163 0.918367
4.28571 0.918367
4.4898 0.918367
4.69388 0.918367
4.89796 0.918367
5.10204 0.918367
5.30612 0.918367
5.5102 0.918367
5.71429 0.918367
5.91837 0.918367
6.12245 0.918367
6.32653 0.918367
6.53061 0.918367
6.73469 0.918367
6.93878 0.918367
7.14286 0.918367
7.34694 0.918367
7.55102 0.918367
7.7551 0.918367
7.95918 0.918367
8.16327 0.918367
8.36735 0.918367
8.57143 0.918367
8.77551 0.918367
8.97959 0.918367
9.18367 0.918367
9.38776 0.918367
9.59184 0.918367
9.79592 0.918367
10 0.918367
0 1.04082
0.204082 1.04082
0.408163 1.04082
0.612245 1.04082
0.816327 1.04082
1.02041 1.04082
1.22449 1.04082
1.42857 1.04082
1.63265 1.04082
1.83673 1.04082
2.04082 1.04082
2.2449 1.04082
2.44898 1.04082
2.65306 1.04082
2.85714 1.04082
3.06122 1.04082
3.26531 1.04082
3.46939 1.04082
3.67347 1.04082
3.87755 1.04082
4.08163 1.04082
4.28571 1.04082
4.4898 1.04082
4.69388 1.04082
4.89796 1.04082
5.10204 1.04082
5.30612 1.04082
5.5102 1.04082
5.71429 1.04082
5.91837 1.04082
6.12245 1.04082
6.32653 1.04082
6.53061 1.04082
6.73469 1.04082
6.93878 1.04082
7.14286 1.04082
7.34694 1.04082
7.55102 1.04082
7.7551 1.04082
7.95918 1.04082
8.16327 1.04082
8.36735 1.04082
8.57143 1.04082
8.77551 1.04082
8.97959 1.04082
9.18367 1.04082
9.38776 1.04082
9.59184 1.04082
9.79592 1.04082
10 1.04082
0 1.16327
0.204082 1.16327
0.408163 1.16327
0.612245 1.16327
0.816327 1.16327
1.02041 1.16327
1.22449 1.16327
1.42857 1.16327
1.63265 1.16327
1.83673 1.16327
2.04082 1.16327
2.2449 1.16327
2.44898 1.16327
2.65306 1.16327
2.85714 1.16327
3.06122 1.16327
3.26531 1.16327
3.46939 1.16327
3.67347 1.16327
3.87755 1.16327
4.08163 1.16327
4.28571 1.16327
4.4898 1.16327
4.69388 1.16327
4.89796 1.16327
5.10204 1.16327
5.30612 1.16327
5.5102 1.16327
5.71429 1.16327
5.91837 1.16327
6.12245 1.16327
6.32653 1.16327
6.53061 1.16327
6.73469 1.16327
6.93878 1.16327
7.14286 1.16327
7.34694 1.16327
7.55102 1.16327
7.7551 1.16327
7.95918 1.16327
8.16327 1.16327
8.36735 1.16327
8.57143 1.16327
8.77551 1.16327
8.97959 1.16327
9.18367 1.16327
9.38776 1.16327
9.59184 1.16327
9.79592 1.16327
10 1.16327
0 1.28571
0.204082 1.28571
0.408163 1.28571
0.612245 1.28571
0.816327 1.28571
1.02041 1.28571
1.22449 1.28571
1.42857 1.28571
1.63265 1.28571
1.83673 1.28571
2.04082 1.28571
2.2449 1.28571
2.44898 1.28571
2.65306 1.28571
2.85714 1.28571
3.06122 1.28571
3.26531 1.28571
3.46939 1.28571
3.67347 1.28571
3.87755 1.28571
4.08163 1.28571
4.28571 1.28571
4.4898 1.28571
4.69388 1.28571
4.89796 1.28571
5.10204 1.28571
5.30612 1.28571
5.5102 1.28571
5.71429 1.28571
5.91837 1.28571
6.12245 1.28571
6.32653 1.28571
6.53061 1.28571
6.73469 1.28571
6.93878 1.28571
7.14286 1.28571
7.34694 1.28571
7.55102 1.28571
7.7551 1.28571
7.95918 1.28571
8.16327 1.28571
8.36735 1.28571
8.57143 1.28571
8.77551 1.28571
8.97959 1.28571
9.18367 1.28571
9.38776 1.28571
9.59184 1.28571
9.79592 1.28571
10 1.28571
0 1.40816
0.204082 1.40816
0.408163 1.40816
0.612245 1.40816
0.816327 1.40816
1.02041 1.40816
1.22449 1.40816
1.42857 1.40816
1.63265 1.40816
1.83673 1.40816
2.04082 1.40816
2.2449 1.40816
2.44898 1.40816
2.65306 1.40816
2.85714 1.40816
3.06122 1.40816
3.26531 1.40816
3.46939 1.40816
3.67347 1.40816
3.87755 1.40816
4.08163 1.40816
4.28571 1.40816
4.4898 1.40816
4.69388 1.40816
4.89796 1.40816
5.10204 1.40816
5.30612 1.40816
5.5102 1.40816
5.71429 1.40816
5.91837 1.40816
6.12245 1.40816
6.32653 1.40816
6.53061 1.40816
6.73469 1.40816
6.93878 1.40816
7.14286 1.40816
7.34694 1.40816
7.55102 1.40816
7.7551 1.40816
7.95918 1.40816
8.16327 1.40816
8.36735 1.40816
8.57143 1.40816
8.77551 1.40816
8.97959 1.40816
9.18367 1.40816
9.38776 1.40816
9.59184 1.40816
9.79592 1.40816
10 1.40816
0 1.53061
0.204082 1.53061
0.408163 1.53061
0.612245 1.53061
0.816327 1.53061
1.02041 1.53061
1.22449 1.53061
1.42857 1.53061
1.63265 1.53061
1.83673 1.53061
2.04082 1.53061
2.2449 1.53061
2.44898 1.53061
2.65306 1.53061
2.85714 1.53061
3.06122 1.53061
3.26531 1.53061
3.46939 1.53061
3.67347 1.53061
3.87755 1.53061
4.08163 1.53061
4.28571 1.53061
4.4898 1.53061
4.69388 1.53061
4.89796 1.53061
5.10204 1.53061
5.30612 1.53061
5.5102 1.53061
5.71429 1.53061
5.91837 1.53061
6.12245 1.53061
6.32653 1.53061
6.53061 1.53061
6.73469 1.53061
6.93878 1.53061
7.14286 1.53061
7.34694 1.53061
7.55102 1.53061
7.7551 1.53061
7.95918 1.53061
8.16327 1.53061
8.36735 1.53061
8.57143 1.53061
8.77551 1.53061
8.97959 1.53061
9.18367 1.53061
9.38776 1.53061
9.59184 1.53061
9.79592 1.53061
10 1.53061
0 1.65306
0.204082 1.65306
0.408163 1.65306
0.612245 1.65306
0.816327 1.65306
1.02041 1.65306
1.22449 1.65306
1.42857 1.65306
1.63265 1.65306
1.83673 1.65306
2.04082 1.65306
2.2449 1.65306
2.44898 1.65306
2.65306 1.65306
2.85714 1.65306
3.06122 1.65306
3.26531 1.65306
3.46939 1.65306
3.67347 1.65306
3.87755 1.65306
4.08163 1.65306
4.28571 1.65306
4.4898 1.65306
4.69388 1.65306
4.89796 1.65306
5.10204 1.65306
5.30612 1.65306
5.5102 1.65306
5.71429 1.65306
5.91837 1.65306
6.12245 1.65306
6.32653 1.65306
6.53061 1.65306
6.73469 1.65306
6.93878 1.65306
7.14286 1.65306
7.34694 1.65306
7.55102 1.65306
7.7551 1.65306
7.95918 1.65306
8.16327 1.65306
8.36735 1.65306
8.57143 1.65306
8.77551 1.65306
8.97959 1.65306
9.18367 1.65306
9.38776 1.65306
9.59184 1.65306
9.79592 1.65306
10 1.65306
0 1.77551
0.204082 1.77551
0.408163 1.77551
0.612245 1.77551
0.816327 1.77551
1.02041 1.77551
1.22449 1.77551
1.42857 1.77551
1.63265 1.77551
1.83673 1.77551
2.04082 1.77551
2.2449 1.77551
2.44898 1.77551
2.65306 1.77551
2.85714 1.77551
3.06122 1.77551
3.26531 1.77551
3.46939 1.77551
3.67347 1.77551
3.87755 1.77551
4.08163 1.77551
4.28571 1.77551
4.4898 1.77551
4.69388 1.77551
4.89796 1.77551
5.10204 1.77551
5.30612 1.77551
5.5102 1.77551
5.71429 1.77551
5.91837 1.77551
6.12245 1.77551
6.32653 1.77551
6.53061 1.77551
6.73469 1.77551
6.93878 1.77551
7.14286 1.77551
7.34694 1.77551
7.55102 1.77551
7.7551 1.77551
7.95918 1.77551
8.16327 1.77551
8.36735 1.77551
8.57143 1.77551
8.77551 1.77551
8.97959 1.77551
9.18367 1.77551
9.38776 1.77551
9.59184 1.77551
9.79592 1.77551
10 1.77551
0 1.89796
0.204082 1.89796
0.408163 1.89796
0.612245 1.89796
0.816327 1.89796
1.02041 1.89796
1.22449 1.89796
1.42857 1.89796
1.63265 1.89796
1.83673 1.89796
2.04082 1.89796
2.2449 1.89796
2.44898 1.89796
2.65306 1.89796
2.85714 1.89796
3.06122 1.89796
3.26531 1.89796
3.46939 1.89796
3.67347 1.89796
3.87755 1.89796
4.08163 1.89796
4.28571 1.89796
4.4898 1.89796
4.69388 1.89796
4.89796 1.89796
5.10204 1.89796
5.30612 1.89796
5.5102 1.89796
5.71429 1.89796
5.91837 1.89796
6.12245 1.89796
6.32653 1.89796
6.53061 1.89796
6.73469 1.89796
6.93878 1.89796
7.14286 1.89796
7.34694 1.89796
7.55102 1.89796
7.7551 1.89796
7.95918 1.89796
8.16327 1.89796
8.36735 1.89796
8.57143 1.89796
8.77551 1.89796
8.97959 1.89796
9.18367 1.89796
9.38776 1.89796
9.59184 1.89796
9.79592 1.89796
10 1.89796
0 2.02041
0.204082 2.02041
0.408163 2.02041
0.612245 2.02041
0.816327 2.02041
1.02041 2.02041
1.22449 2.02041
1.42857 2.02041
1.63265 2.02041
1.83673 2.02041
2.04082 2.02041
2.2449 2.02041
2.44898 2.02041
2.65306 2.02041
2.85714 2.02041
3.06122 2.02041
3.26531 2.02041
3.46939 2.02041
3.67347 2.02041
3.87755 2.02041
4.08163 2.02041
4.28571 2.02041
4.4898 2.02041
4.69388 2.02041
4.89796 2.02041
5.10204 2.02041
5.30612 2.02041
5.5102 2.02041
5.71429 2.02041
5.91837 2.02041
6.12245 2.02041
6.32653 2.02041
6.53061 2.02041
6.73469 2.02041
6.93878 2.02041
7.14286 2.02041
7.34694 2.02041
7.55102 2.02041
7.7551 2.02041
7.95918 2.02041
8.16327 2.02041
8.36735 2.02041
8.57143 2.02041
8.77551 2.02041
8.97959 2.02041
9.18367 2.02041
9.38776 2.02041
9.59184 2.02041
9.79592 2.02041
10 2.02041
0 2.14286
0.204082 2.14286
0.408163 2.14286
0.612245 2.14286
0.816327 2.14286
1.02041 2.14286
1.22449 2.14286
1.42857 2.14286
1.63265 2.14286
1.83673 2.14286
2.04082 2.14286
2.2449 2.14286
2.44898 2.14286
2.65306 2.14286
2.85714 2.14286
3.06122 2.14286
3.26531 2.14286
3.46939 2.14286
3.67347 2.14286
3.87755 2.14286
4.08163 2.14286
4.28571 2.14286
4.4898 2.14286
4.69388 2.14286
4.89796 2.14286
5.10204 2.14286
5.30612 2.14286
5.5102 2.14286
5.71429 2.14286
5.91837 2.14286
6.12245 2.14286
6.32653 2.14286
6.53061 2.14286
6.73469 2.14286
6.93878 2.14286
7.14286 2.14286
7.34694 2.14286
7.55102 2.14286
7.7551 2.14286
7.95918 2.14286
8.16327 2.14286
8.36735 2.14286
8.57143 2.14286
8.77551 2.14286
8.97959 2.14286
9.18367 2.14286
9.38776 2.14286
9.59184 2.14286
9.79592 2.14286
10 2.14286
0 2.26531
0.204082 2.26531
0.408163 2.26531
0.612245 2.26531
0.816327 2.26531
1.02041 2.26531
1.22449 2.26531
1.42857 2.26531
1.63265 2.26531
1.83673 2.26531
2.04082 2.26531
2.2449 2.26531
2.44898 2.26531
2.65306 2.26531
2.85714 2.26531
3.06122 2.26531
3.26531 2.26531
3.46939 2.26531
3.67347 2.26531
3.87755 2.26531
4.08163 2.26531
4.28571 2.26531
4.4898 2.26531
4.69388 2.26531
4.89796 2.26531
5.10204 2.26531
5.30612 2.26531
5.5102 2.26531
5.71429 2.26531
5.91837 2.26531
6.12245 2.26531
6.32653 2.26531
6.53061 2.26531
6.73469 2.26531
6.93878 2.26531
7.14286 2.26531
7.34694 2.26531
7.55102 2.26531
7.7551 2.26531
7.95918 2.26531
8.16327 2.26531
8.36735 2.26531
8.57143 2.26531
8.77551 2.26531
8.97959 2.26531
9.18367 2.26531
9.38776 2.26531
9.59184 2.26531
9.79592 2.26531
10 2.26531
0 2.38776
0.204082 2.38776
0.408163 2.38776
0.612245 2.38776
0.816327 2.38776
1.02041 2.38776
1.22449 2.38776
1.42857 2.38776
1.63265 2.38776
1.83673 2.38776
2.04082 2.38776
2.2449 2.38776
2.44898 2.38776
2.65306 2.38776
2.85714 2.38776
3.06122 2.38776
3.26531 2.38776
3.46939 2.38776
3.67347 2.38776
3.87755 2.38776
4.08163 2.38776
4.28571 2.38776
4.4898 2.38776
4.69388 2.38776
4.89796 2.38776
5.10204 2.38776
5.30612 2.38776
5.5102 2.38776
5.71429 2.38776
5.91837 2.38776
6.12245 2.38776
6.32653 2.38776
6.53061 2.38776
6.73469 2.38776
6.93878 2.38776
7.14286 2.38776
7.34694 2.38776
7.55102 2.38776
7.7551 2.38776
7.95918 2.38776
8.16327 2.38776
8.36735 2.38776
8.57143 2.38776
8.77551 2.38776
8.97959 2.38776
9.18367 2.38776
9.38776 2.38776
9.59184 2.38776
9.79592 2.38776
10 2.38776
0 2.5102
0.204082 2.5102
0.408163 2.5102
0.612245 2.5102
0.816327 2.5102
1.02041 2.5102
1.22449 2.5102
1.42857 2.5102
1.63265 2.5102
1.83673 2.5102
2.04082 2.5102
2.2449 2.5102
2.44898 2.5102
2.65306 2.5102
2.85714 2.5102
3.06122 2.5102
3.26531 2.5102
3.46939 2.5102
3.67347 2.5102
3.87755 2.5102
4.08163 2.5102
4.28571 2.5102
4.4898 2.5102
4.69388 2.5102
4.89796 2.5102
5.10204 2.5102
5.30612 2.5102
5.5102 2.5102
5.71429 2.5102
5.91837 2.5102
6.12245 2.5102
6.32653 2.5102
6.53061 2.5102
6.73469 2.5102
6.93878 2.5102
7.14286 2.5102
7.34694 2.5102
7.55102 2.5102
7.7551 2.5102
7.95918 2.5102
8.16327 2.5102
8.36735 2.5102
8.57143 2.5102
8.77551 2.5102
8.97959 2.5102
9.18367 2.5102
9.38776 2.5102
9.59184 2.5102
9.79592 2.5102
10 2.5102
0 2.63265
0.204082 2.63265
0.408163 2.63265
0.612245 2.63265
0.816327 2.63265
1.02041 2.63265
1.22449 2.63265
1.42857 2.63265
1.63265 2.63265
1.83673 2.63265
2.04082 2.63265
2.2449 2.63265
2.44898 2.63265
2.65306 2.63265
2.85714 2.63265
3.06122 2.63265
3.26531 2.63265
3.46939 2.63265
3.67347 2.63265
3.87755 2.63265
4.08163 2.63265
4.28571 2.63265
4.4898 2.63265
4.69388 2.63265
4.89796 2.63265
5.10204 2.63265
5.30612 2.63265
5.5102 2.63265
5.71429 2.63265
5.91837 2.63265
6.12245 2.63265
6.32653 2.63265
6.53061 2.63265
6.73469 2.63265
6.93878 2.63265
7.14286 2.63265
7.34694 2.63265
7.55102 2.63265
7.7551 2.63265
7.95918 2.63265
8.16327 2.63265
8.36735 2.63265
8.57143 2.63265
8.77551 2.63265
8.97959 2.63265
9.18367 2.63265
9.38776 2.63265
9.59184 2.63265
9.79592 2.63265
10 2.63265
0 2.7551
0.204082 2.7551
0.408163 2.7551
0.612245 2.7551
0.816327 2.7551
1.02041 2.7551
1.22449 2.7551
1.42857 2.7551
1.63265 2.7551
1.83673 2.7551
2.04082 2.7551
2.2449 2.7551
2.44898 2.7551
2.65306 2.7551
2.85714 2.7551
3.06122 2.7551
3.26531 2.7551
3.46939 2.7551
3.67347 2.7551
3.87755 2.7551
4.08163 2.7551
4.28571 2.7551
4.4898 2.7551
4.69388 2.7551
4.89796 2.7551
5.10204 2.7551
5.30612 2.7551
5.5102 2.7551
5.71429 2.7551
5.91837 2.7551
6.12245 2.7551
6.32653 2.7551
6.53061 2.7551
6.73469 2.7551
6.93878 2.7551
7.14286 2.7551
7.34694 2.7551
7.55102 2.7551
7.7551 2.7551
7.95918 2.7551
8.16327 2.7551
8.36735 2.7551
8.57143 2.7551
8.77551 2.7551
8.97959 2.7551
9.18367 2.7551
9.38776 2.7551
9.59184 2.7551
9.79592 2.7551
10 2.7551
0 2.87755
0.204082 2.87755
0.408163 2.87755
0.612245 2.87755
0.816327 2.87755
1.02041 2.87755
1.22449 2.87755
1.42857 2.87755
1.63265 2.87755
1.83673 2.87755
2.04082 2.87755
2.2449 2.87755
2.44898 2.87755
2.65306 2.87755
2.85714 2.87755
3.06122 2.87755
3.26531 2.87755
3.46939 2.87755
3.67347 2.87755
3.87755 2.87755
4.08163 2.87755
4.28571 2.87755
4.4898 2.87755
4.69388 2.87755
4.89796 2.87755
5.10204 2.87755
5.30612 2.87755
5.5102 2.87755
5.71429 2.87755
5.91837 2.87755
6.12245 2.87755
6.32653 2.87755
6.53061 2.87755
6.73469 2.87755
6.93878 2.87755
7.14286 2.87755
7.34694 2.87755
7.55102 2.87755
7.7551 2.87755
7.95918 2.87755
8.16327 2.87755
8.36735 2.87755
8.57143 2.87755
8.77551 2.87755
8.97959 2.87755
9.18367 2.87755
9.38776 2.87755
9.59184 2.87755
9.79592 2.87755
10 2.87755
0 3
0.204082 3
0.408163 3
0.612245 3
0.816327 3
1.02041 3
1.22449 3
1.42857 3
1.63265 3
1.83673 3
2.04082 3
2.2449 3
2.44898 3
2.65306 3
2.85714 3
3.06122 3
3.26531 3
3.46939 3
3.67347 3
3.87755 3
4.08163 3
4.28571 3
4.4898 3
4.69388 3
4.89796 3
5.10204 3
5.30612 3
5.5102 3
5.71429 3
5.91837 3
6.12245 3
6.32653 3
6.53061 3
6.73469 3
6.93878 3
7.14286 3
7.34694 3
7.55102 3
7.7551 3
7.95918 3
8.16327 3
8.36735 3
8.57143 3
8.77551 3
8.97959 3
9.18367 3
9.38776 3
9.59184 3
9.79592 3
10 3
