0 0
0.306122 0
0.612245 0
0.918367 0
1.22449 0
1.53061 0
1.83673 0
2.14286 0
2.44898 0
2.7551 0
3.06122 0
3.36735 0
3.67347 0
3.97959 0
4.28571 0
4.59184 0
4.89796 0
5.20408 0
5.5102 0
5.81633 0
6.12245 0
6.42857 0
6.73469 0
7.04082 0
7.34694 0
7.65306 0
7.95918 0
8.26531 0
8.57143 0
8.87755 0
9.18367 0
9.4898 0
9.79592 0
10.102 0
10.4082 0
10.7143 0
11.0204 0
11.3265 0
11.6327 0
11.9388 0
12.2449 0
12.551 0
12.8571 0
13.1633 0
13.4694 0
13.7755 0
14.0816 0
14.3878 0
14.6939 0
15 0
0 0.285714
0.306122 0.285714
0.612245 0.285714
0.918367 0.285714
1.22449 0.285714
1.53061 0.285714
1.83673 0.285714
2.14286 0.285714
2.44898 0.285714
2.7551 0.285714
3.06122 0.285714
3.36735 0.285714
3.67347 0.285714
3.97959 0.285714
4.28571 0.285714
4.59184 0.285714
4.89796 0.285714
5.20408 0.285714
5.5102 0.285714
5.81633 0.285714
6.12245 0.285714
6.42857 0.285714
6.73469 0.285714
7.04082 0.285714
7.34694 0.285714
7.65306 0.285714
7.95918 0.285714
8.26531 0.285714
8.57143 0.285714
8.87755 0.285714
9.18367 0.285714
9.4898 0.285714
9.79592 0.285714
10.102 0.285714
10.4082 0.285714
10.7143 0.285714
11.0204 0.285714
11.3265 0.285714
11.6327 0.285714
11.9388 0.285714
12.2449 0.285714
12.551 0.285714
12.8571 0.285714
13.1633 0.285714
13.4694 0.285714
13.7755 0.285714
14.0816 0.285714
14.3878 0.285714
14.6939 0.285714
15 0.285714
0 0.571429
0.306122 0.571429
0.612245 0.571429
0.918367 0.571429
1.22449 0.571429
1.53061 0.571429
1.83673 0.571429
2.14286 0.571429
2.44898 0.571429
2.7551 0.571429
3.06122 0.571429
3.36735 0.571429
3.67347 0.571429
3.97959 0.571429
4.28571 0.571429
4.59184 0.571429
4.89796 0.571429
5.20408 0.571429
5.5102 0.571429
5.81633 0.571429
6.12245 0.571429
6.42857 0.571429
6.73469 0.571429
7.04082 0.571429
7.34694 0.571429
7.65306 0.571429
7.95918 0.571429
8.26531 0.571429
8.57143 0.571429
8.87755 0.571429
9.18367 0.571429
9.4898 0.571429
9.79592 0.571429
10.102 0.571429
10.4082 0.571429
10.7143 0.571429
11.0204 0.571429
11.3265 0.571429
11.6327 0.571429
11.9388 0.571429
12.2449 0.571429
12.551 0.571429
12.8571 0.571429
13.1633 0.571429
13.4694 0.571429
13.7755 0.571429
14.0816 0.571429
14.3878 0.571429
14.6939 0.571429
15 0.571429
0 0.857143
0.306122 0.857143
0.612245 0.857143
0.918367 0.857143
1.22449 0.857143
1.53061 0.857143
1.83673 0.857143
2.14286 0.857143
2.44898 0.857143
2.7551 0.857143
3.06122 0.857143
3.36735 0.857143
3.67347 0.857143
3.97959 0.857143
4.28571 0.857143
4.59184 0.857143
4.89796 0.857143
5.20408 0.857143
5.5102 0.857143
5.81633 0.857143
6.12245 0.857143
6.42857 0.857143
6.73469 0.857143
7.04082 0.857143
7.34694 0.857143
7.65306 0.857143
7.95918 0.857143
8.26531 0.857143
8.57143 0.857143
8.87755 0.857143
9.18367 0.857143
9.4898 0.857143
9.79592 0.857143
10.102 0.857143
10.4082 0.857143
10.7143 0.857143
11.0204 0.857143
11.3265 0.857143
11.6327 0.857143
11.9388 0.857143
12.2449 0.857143
12.551 0.857143
12.8571 0.857143
13.1633 0.857143
13.4694 0.857143
13.7755 0.857143
14.0816 0.857143
14.3878 0.857143
14.6939 0.857143
15 0.857143
0 1.14286
0.306122 1.14286
0.612245 1.14286
0.918367 1.14286
1.22449 1.14286
1.53061 1.14286
1.83673 1.14286
2.14286 1.14286
2.44898 1.14286
2.7551 1.14286
3.06122 1.14286
3.36735 1.14286
3.67347 1.14286
3.97959 1.14286
4.28571 1.14286
4.59184 1.14286
4.89796 1.14286
5.20408 1.14286
5.5102 1.14286
5.81633 1.14286
6.12245 1.14286
6.42857 1.14286
6.73469 1.14286
7.04082 1.14286
7.34694 1.14286
7.65306 1.14286
7.95918 1.14286
8.26531 1.14286
8.57143 1.14286
8.87755 1.14286
9.18367 1.14286
9.4898 1.14286
9.79592 1.14286
10.102 1.14286
10.4082 1.14286
10.7143 1.14286
11.0204 1.14286
11.3265 1.14286
11.6327 1.14286
11.9388 1.14286
12.2449 1.14286
12.551 1.14286
12.8571 1.14286
13.1633 1.14286
13.4694 1.14286
13.7755 1.14286
14.0816 1.14286
14.3878 1.14286
14.6939 1.14286
15 1.14286
0 1.42857
0.306122 1.42857
0.612245 1.42857
0.918367 1.42857
1.22449 1.42857
1.53061 1.42857
1.83673 1.42857
2.14286 1.42857
2.44898 1.42857
2.7551 1.42857
3.06122 1.42857
3.36735 1.42857
3.67347 1.42857
3.97959 1.42857
4.28571 1.42857
4.59184 1.42857
4.89796 1.42857
5.20408 1.42857
5.5102 1.42857
5.81633 1.42857
6.12245 1.42857
6.42857 1.42857
6.73469 1.42857
7.04082 1.42857
7.34694 1.42857
7.65306 1.42857
7.95918 1.42857
8.26531 1.42857
8.57143 1.42857
8.87755 1.42857
9.18367 1.42857
9.4898 1.42857
9.79592 1.42857
10.102 1.42857
10.4082 1.42857
10.7143 1.42857
11.0204 1.42857
11.3265 1.42857
11.6327 1.42857
11.9388 1.42857
12.2449 1.42857
12.551 1.42857
12.8571 1.42857
13.1633 1.42857
13.4694 1.42857
13.7755 1.42857
14.0816 1.42857
14.3878 1.42857
14.6939 1.42857
15 1.42857
0 1.71429
0.306122 1.71429
0.612245 1.71429
0.918367 1.71429
1.22449 1.71429
1.53061 1.71429
1.83673 1.71429
2.14286 1.71429
2.44898 1.71429
2.7551 1.71429
3.06122 1.71429
3.36735 1.71429
3.67347 1.71429
3.97959 1.71429
4.28571 1.71429
4.59184 1.71429
4.89796 1.71429
5.20408 1.71429
5.5102 1.71429
5.81633 1.71429
6.12245 1.71429
6.42857 1.71429
6.73469 1.71429
7.04082 1.71429
7.34694 1.71429
7.65306 1.71429
7.95918 1.71429
8.26531 1.71429
8.57143 1.71429
8.87755 1.71429
9.18367 1.71429
9.4898 1.71429
9.79592 1.71429
10.102 1.71429
10.4082 1.71429
10.7143 1.71429
11.0204 1.71429
11.3265 1.71429
11.6327 1.71429
11.9388 1.71429
12.2449 1.71429
12.551 1.71429
12.8571 1.71429
13.1633 1.71429
13.4694 1.71429
13.7755 1.71429
14.0816 1.71429
14.3878 1.71429
14.6939 1.71429
15 1.71429
0 2
0.306122 2
0.612245 2
0.918367 2
1.22449 2
1.53061 2
1.83673 2
2.14286 2
2.44898 2
2.7551 2
3.06122 2
3.36735 2
3.67347 2
3.97959 2
4.28571 2
4.59184 2
4.89796 2
5.20408 2
5.5102 2
5.81633 2
6.12245 2
6.42857 2
6.73469 2
7.04082 2
7.34694 2
7.65306 2
7.95918 2
8.26531 2
8.57143 2
8.87755 2
9.18367 2
9.4898 2
9.79592 2
10.102 2
10.4082 2
10.7143 2
11.0204 2
11.3265 2
11.6327 2
11.9388 2
12.2449 2
12.551 2
12.8571 2
13.1633 2
13.4694 2
13.7755 2
14.0816 2
14.3878 2
14.6939 2
15 2
0 2.28571
0.306122 2.28571
0.612245 2.28571
0.918367 2.28571
1.22449 2.28571
1.53061 2.28571
1.83673 2.28571
2.14286 2.28571
2.44898 2.28571
2.7551 2.28571
3.06122 2.28571
3.36735 2.28571
3.67347 2.28571
3.97959 2.28571
4.28571 2.28571
4.59184 2.28571
4.89796 2.28571
5.20408 2.28571
5.5102 2.28571
5.81633 2.28571
6.12245 2.28571
6.42857 2.28571
6.73469 2.28571
7.04082 2.28571
7.34694 2.28571
7.65306 2.28571
7.95918 2.28571
8.26531 2.28571
8.57143 2.28571
8.87755 2.28571
9.18367 2.28571
9.4898 2.28571
9.79592 2.28571
10.102 2.28571
10.4082 2.28571
10.7143 2.28571
11.0204 2.28571
11.3265 2.28571
11.6327 2.28571
11.9388 2.28571
12.2449 2.28571
12.551 2.28571
12.8571 2.28571
13.1633 2.28571
13.4694 2.28571
13.7755 2.28571
14.0816 2.28571
14.3878 2.28571
14.6939 2.28571
15 2.28571
0 2.57143
0.306122 2.57143
0.612245 2.57143
0.918367 2.57143
1.22449 2.57143
1.53061 2.57143
1.83673 2.57143
2.14286 2.57143
2.44898 2.57143
2.7551 2.57143
3.06122 2.57143
3.36735 2.57143
3.67347 2.57143
3.97959 2.57143
4.28571 2.57143
4.59184 2.57143
4.89796 2.57143
5.20408 2.57143
5.5102 2.57143
5.81633 2.57143
6.12245 2.57143
6.42857 2.57143
6.73469 2.57143
7.04082 2.57143
7.34694 2.57143
7.65306 2.57143
7.95918 2.57143
8.26531 2.57143
8.57143 2.57143
8.87755 2.57143
9.18367 2.57143
9.4898 2.57143
9.79592 2.57143
10.102 2.57143
10.4082 2.57143
10.7143 2.57143
11.0204 2.57143
11.3265 2.57143
11.6327 2.57143
11.9388 2.57143
12.2449 2.57143
12.551 2.57143
12.8571 2.57143
13.1633 2.57143
13.4694 2.57143
13.7755 2.57143
14.0816 2.57143
14.3878 2.57143
14.6939 2.57143
15 2.57143
0 2.85714
0.306122 2.85714
0.612245 2.85714
0.918367 2.85714
1.22449 2.85714
1.53061 2.85714
1.83673 2.85714
2.14286 2.85714
2.44898 2.85714
2.7551 2.85714
3.06122 2.85714
3.36735 2.85714
3.67347 2.85714
3.97959 2.85714
4.28571 2.85714
4.59184 2.85714
4.89796 2.85714
5.20408 2.85714
5.5102 2.85714
5.81633 2.85714
6.12245 2.85714
6.42857 2.85714
6.73469 2.85714
7.04082 2.85714
7.34694 2.85714
7.65306 2.85714
7.95918 2.85714
8.26531 2.85714
8.57143 2.85714
8.87755 2.85714
9.18367 2.85714
9.4898 2.85714
9.79592 2.85714
10.102 2.85714
10.4082 2.85714
10.7143 2.85714
11.0204 2.85714
11.3265 2.85714
11.6327 2.85714
11.9388 2.85714
12.2449 2.85714
12.551 2.85714
12.8571 2.85714
13.1633 2.85714
13.4694 2.85714
13.7755 2.85714
14.0816 2.85714
14.3878 2.85714
14.6939 2.85714
15 2.85714
0 3.14286
0.306122 3.14286
0.612245 3.14286
0.918367 3.14286
1.22449 3.14286
1.53061 3.14286
1.83673 3.14286
2.14286 3.14286
2.44898 3.14286
2.7551 3.14286
3.06122 3.14286
3.36735 3.14286
3.67347 3.14286
3.97959 3.14286
4.28571 3.14286
4.59184 3.14286
4.89796 3.14286
5.20408 3.14286
5.5102 3.14286
5.81633 3.14286
6.12245 3.14286
6.42857 3.14286
6.73469 3.14286
7.04082 3.14286
7.34694 3.14286
7.65306 3.14286
7.95918 3.14286
8.26531 3.14286
8.57143 3.14286
8.87755 3.14286
9.18367 3.14286
9.4898 3.14286
9.79592 3.14286
10.102 3.14286
10.4082 3.14286
10.7143 3.14286
11.0204 3.14286
11.3265 3.14286
11.6327 3.14286
11.9388 3.14286
12.2449 3.14286
12.551 3.14286
12.8571 3.14286
13.1633 3.14286
13.4694 3.14286
13.7755 3.14286
14.0816 3.14286
14.3878 3.14286
14.6939 3.14286
15 3.14286
0 3.42857
0.306122 3.42857
0.612245 3.42857
0.918367 3.42857
1.22449 3.42857
1.53061 3.42857
1.83673 3.42857
2.14286 3.42857
2.44898 3.42857
2.7551 3.42857
3.06122 3.42857
3.36735 3.42857
3.67347 3.42857
3.97959 3.42857
4.28571 3.42857
4.59184 3.42857
4.89796 3.42857
5.20408 3.42857
5.5102 3.42857
5.81633 3.42857
6.12245 3.42857
6.42857 3.42857
6.73469 3.42857
7.04082 3.42857
7.34694 3.42857
7.65306 3.42857
7.95918 3.42857
8.26531 3.42857
8.57143 3.42857
8.87755 3.42857
9.18367 3.42857
9.4898 3.42857
9.79592 3.42857
10.102 3.42857
10.4082 3.42857
10.7143 3.42857
11.0204 3.42857
11.3265 3.42857
11.6327 3.42857
11.9388 3.42857
12.2449 3.42857
12.551 3.42857
12.8571 3.42857
13.1633 3.42857
13.4694 3.42857
13.7755 3.42857
14.0816 3.42857
14.3878 3.42857
14.6939 3.42857
15 3.42857
0 3.71429
0.306122 3.71429
0.612245 3.71429
0.918367 3.71429
1.22449 3.71429
1.53061 3.71429
1.83673 3.71429
2.14286 3.71429
2.44898 3.71429
2.7551 3.71429
3.06122 3.71429
3.36735 3.71429
3.67347 3.71429
3.97959 3.71429
4.28571 3.71429
4.59184 3.71429
4.89796 3.71429
5.20408 3.71429
5.5102 3.71429
5.81633 3.71429
6.12245 3.71429
6.42857 3.71429
6.73469 3.71429
7.04082 3.71429
7.34694 3.71429
7.65306 3.71429
7.95918 3.71429
8.26531 3.71429
8.57143 3.71429
8.87755 3.71429
9.18367 3.71429
9.4898 3.71429
9.79592 3.71429
10.102 3.71429
10.4082 3.71429
10.7143 3.71429
11.0204 3.71429
11.3265 3.71429
11.6327 3.71429
11.9388 3.71429
12.2449 3.71429
12.551 3.71429
12.8571 3.71429
13.1633 3.71429
13.4694 3.71429
13.7755 3.71429
14.0816 3.71429
14.3878 3.71429
14.6939 3.71429
15 3.71429
0 4
0.306122 4
0.612245 4
0.918367 4
1.22449 4
1.53061 4
1.83673 4
2.14286 4
2.44898 4
2.7551 4
3.06122 4
3.36735 4
3.67347 4
3.97959 4
4.28571 4
4.59184 4
4.89796 4
5.20408 4
5.5102 4
5.81633 4
6.12245 4
6.42857 4
6.73469 4
7.04082 4
7.34694 4
7.65306 4
7.95918 4
8.26531 4
8.57143 4
8.87755 4
9.18367 4
9.4898 4
9.79592 4
10.102 4
10.4082 4
10.7143 4
11.0204 4
11.3265 4
11.6327 4
11.9388 4
12.2449 4
12.551 4
12.8571 4
13.1633 4
13.4694 4
13.7755 4
14.0816 4
14.3878 4
14.6939 4
15 4
0 4.28571
0.306122 4.28571
0.612245 4.28571
0.918367 4.28571
1.22449 4.28571
1.53061 4.28571
1.83673 4.28571
2.14286 4.28571
2.44898 4.28571
2.7551 4.28571
3.06122 4.28571
3.36735 4.28571
3.67347 4.28571
3.97959 4.28571
4.28571 4.28571
4.59184 4.28571
4.89796 4.28571
5.20408 4.28571
5.5102 4.28571
5.81633 4.28571
6.12245 4.28571
6.42857 4.28571
6.73469 4.28571
7.04082 4.28571
7.34694 4.28571
7.65306 4.28571
7.95918 4.28571
8.26531 4.28571
8.57143 4.28571
8.87755 4.28571
9.18367 4.28571
9.4898 4.28571
9.79592 4.28571
10.102 4.28571
10.4082 4.28571
10.7143 4.28571
11.0204 4.28571
11.3265 4.28571
11.6327 4.28571
11.9388 4.28571
12.2449 4.28571
12.551 4.28571
12.8571 4.28571
13.1633 4.28571
13.4694 4.28571
13.7755 4.28571
14.0816 4.28571
14.3878 4.28571
14.6939 4.28571
15 4.28571
0 4.57143
0.306122 4.57143
0.612245 4.57143
0.918367 4.57143
1.22449 4.57143
1.53061 4.57143
1.83673 4.57143
2.14286 4.57143
2.44898 4.57143
2.7551 4.57143
3.06122 4.57143
3.36735 4.57143
3.67347 4.57143
3.97959 4.57143
4.28571 4.57143
4.59184 4.57143
4.89796 4.57143
5.20408 4.57143
5.5102 4.57143
5.81633 4.57143
6.12245 4.57143
6.42857 4.57143
6.73469 4.57143
7.04082 4.57143
7.34694 4.57143
7.65306 4.57143
7.95918 4.57143
8.26531 4.57143
8.57143 4.57143
8.87755 4.57143
9.18367 4.57143
9.4898 4.57143
9.79592 4.57143
10.102 4.57143
10.4082 4.57143
10.7143 4.57143
11.0204 4.57143
11.3265 4.57143
11.6327 4.57143
11.9388 4.57143
12.2449 4.57143
12.551 4.57143
12.8571 4.57143
13.1633 4.57143
13.4694 4.57143
13.7755 4.57143
14.0816 4.57143
14.3878 4.57143
14.6939 4.57143
15 4.57143
0 4.85714
0.306122 4.85714
0.612245 4.85714
0.918367 4.85714
1.22449 4.85714
1.53061 4.85714
1.83673 4.85714
2.14286 4.85714
2.44898 4.85714
2.7551 4.85714
3.06122 4.85714
3.36735 4.85714
3.67347 4.85714
3.97959 4.85714
4.28571 4.85714
4.59184 4.85714
4.89796 4.85714
5.20408 4.85714
5.5102 4.85714
5.81633 4.85714
6.12245 4.85714
6.42857 4.85714
6.73469 4.85714
7.04082 4.85714
7.34694 4.85714
7.65306 4.85714
7.95918 4.85714
8.26531 4.85714
8.57143 4.85714
8.87755 4.85714
9.18367 4.85714
9.4898 4.85714
9.79592 4.85714
10.102 4.85714
10.4082 4.85714
10.7143 4.85714
11.0204 4.85714
11.3265 4.85714
11.6327 4.85714
11.9388 4.85714
12.2449 4.85714
12.551 4.85714
12.8571 4.85714
13.1633 4.85714
13.4694 4.85714
13.7755 4.85714
14.0816 4.85714
14.3878 4.85714
14.6939 4.85714
15 4.85714
0 5.14286
0.306122 5.14286
0.612245 5.14286
0.918367 5.14286
1.22449 5.14286
1.53061 5.14286
1.83673 5.14286
2.14286 5.14286
2.44898 5.14286
2.7551 5.14286
3.06122 5.14286
3.36735 5.14286
3.67347 5.14286
3.97959 5.14286
4.28571 5.14286
4.59184 5.14286
4.89796 5.14286
5.20408 5.14286
5.5102 5.14286
5.81633 5.14286
6.12245 5.14286
6.42857 5.14286
6.73469 5.14286
7.04082 5.14286
7.34694 5.14286
7.65306 5.14286
7.95918 5.14286
8.26531 5.14286
8.57143 5.14286
8.87755 5.14286
9.18367 5.14286
9.4898 5.14286
9.79592 5.14286
10.102 5.14286
10.4082 5.14286
10.7143 5.14286
11.0204 5.14286
11.3265 5.14286
11.6327 5.14286
11.9388 5.14286
12.2449 5.14286
12.551 5.14286
12.8571 5.14286
13.1633 5.14286
13.4694 5.14286
13.7755 5.14286
14.0816 5.14286
14.3878 5.14286
14.6939 5.14286
15 5.14286
0 5.42857
0.306122 5.42857
0.612245 5.42857
0.918367 5.42857
1.22449 5.42857
1.53061 5.42857
1.83673 5.42857
2.14286 5.42857
2.44898 5.42857
2.7551 5.42857
3.06122 5.42857
3.36735 5.42857
3.67347 5.42857
3.97959 5.42857
4.28571 5.42857
4.59184 5.42857
4.89796 5.42857
5.20408 5.42857
5.5102 5.42857
5.81633 5.42857
6.12245 5.42857
6.42857 5.42857
6.73469 5.42857
7.04082 5.42857
7.34694 5.42857
7.65306 5.42857
7.95918 5.42857
8.26531 5.42857
8.57143 5.42857
8.87755 5.42857
9.18367 5.42857
9.4898 5.42857
9.79592 5.42857
10.102 5.42857
10.4082 5.42857
10.7143 5.42857
11.0204 5.42857
11.3265 5.42857
11.6327 5.42857
11.9388 5.42857
12.2449 5.42857
12.551 5.42857
12.8571 5.42857
13.1633 5.42857
13.4694 5.42857
13.7755 5.42857
14.0816 5.42857
14.3878 5.42857
14.6939 5.42857
15 5.42857
0 5.71429
0.306122 5.71429
0.612245 5.71429
0.918367 5.71429
1.22449 5.71429
1.53061 5.71429
1.83673 5.71429
2.14286 5.71429
2.44898 5.71429
2.7551 5.71429
3.06122 5.71429
3.36735 5.71429
3.67347 5.71429
3.97959 5.71429
4.28571 5.71429
4.59184 5.71429
4.89796 5.71429
5.20408 5.71429
5.5102 5.71429
5.81633 5.71429
6.12245 5.71429
6.42857 5.71429
6.73469 5.71429
7.04082 5.71429
7.34694 5.71429
7.65306 5.71429
7.95918 5.71429
8.26531 5.71429
8.57143 5.71429
8.87755 5.71429
9.18367 5.71429
9.4898 5.71429
9.79592 5.71429
10.102 5.71429
10.4082 5.71429
10.7143 5.71429
11.0204 5.71429
11.3265 5.71429
11.6327 5.71429
11.9388 5.71429
12.2449 5.71429
12.551 5.71429
12.8571 5.71429
13.1633 5.71429
13.4694 5.71429
13.7755 5.71429
14.0816 5.71429
14.3878 5.71429
14.6939 5.71429
15 5.71429
0 6
0.306122 6
0.612245 6
0.918367 6
1.22449 6
1.53061 6
1.83673 6
2.14286 6
2.44898 6
2.7551 6
3.06122 6
3.36735 6
3.67347 6
3.97959 6
4.28571 6
4.59184 6
4.89796 6
5.20408 6
5.5102 6
5.81633 6
6.12245 6
6.42857 6
6.73469 6
7.04082 6
7.34694 6
7.65306 6
7.95918 6
8.26531 6
8.57143 6
8.87755 6
9.18367 6
9.4898 6
9.79592 6
10.102 6
10.4082 6
10.7143 6
11.0204 6
11.3265 6
11.6327 6
11.9388 6
12.2449 6
12.551 6
12.8571 6
13.1633 6
13.4694 6
13.7755 6
14.0816 6
14.3878 6
14.6939 6
15 6
0 6.28571
0.306122 6.28571
0.612245 6.28571
0.918367 6.28571
1.22449 6.28571
1.53061 6.28571
1.83673 6.28571
2.14286 6.28571
2.44898 6.28571
2.7551 6.28571
3.06122 6.28571
3.36735 6.28571
3.67347 6.28571
3.97959 6.28571
4.28571 6.28571
4.59184 6.28571
4.89796 6.28571
5.20408 6.28571
5.5102 6.28571
5.81633 6.28571
6.12245 6.28571
6.42857 6.28571
6.73469 6.28571
7.04082 6.28571
7.34694 6.28571
7.65306 6.28571
7.95918 6.28571
8.26531 6.28571
8.57143 6.28571
8.87755 6.28571
9.18367 6.28571
9.4898 6.28571
9.79592 6.28571
10.102 6.28571
10.4082 6.28571
10.7143 6.28571
11.0204 6.28571
11.3265 6.28571
11.6327 6.28571
11.9388 6.28571
12.2449 6.28571
12.551 6.28571
12.8571 6.28571
13.1633 6.28571
13.4694 6.28571
13.7755 6.28571
14.0816 6.28571
14.3878 6.28571
14.6939 6.28571
15 6.28571
0 6.57143
0.306122 6.57143
0.612245 6.57143
0.918367 6.57143
1.22449 6.57143
1.53061 6.57143
1.83673 6.57143
2.14286 6.57143
2.44898 6.57143
2.7551 6.57143
3.06122 6.57143
3.36735 6.57143
3.67347 6.57143
3.97959 6.57143
4.28571 6.57143
4.59184 6.57143
4.89796 6.57143
5.20408 6.57143
5.5102 6.57143
5.81633 6.57143
6.12245 6.57143
6.42857 6.57143
6.73469 6.57143
7.04082 6.57143
7.34694 6.57143
7.65306 6.57143
7.95918 6.57143
8.26531 6.57143
8.57143 6.57143
8.87755 6.57143
9.18367 6.57143
9.4898 6.57143
9.79592 6.57143
10.102 6.57143
10.4082 6.57143
10.7143 6.57143
11.0204 6.57143
11.3265 6.57143
11.6327 6.57143
11.9388 6.57143
12.2449 6.57143
12.551 6.57143
12.8571 6.57143
13.1633 6.57143
13.4694 6.57143
13.7755 6.57143
14.0816 6.57143
14.3878 6.57143
14.6939 6.57143
15 6.57143
0 6.85714
0.306122 6.85714
0.612245 6.85714
0.918367 6.85714
1.22449 6.85714
1.53061 6.85714
1.83673 6.85714
2.14286 6.85714
2.44898 6.85714
2.7551 6.85714
3.06122 6.85714
3.36735 6.85714
3.67347 6.85714
3.97959 6.85714
4.28571 6.85714
4.59184 6.85714
4.89796 6.85714
5.20408 6.85714
5.5102 6.85714
5.81633 6.85714
6.12245 6.85714
6.42857 6.85714
6.73469 6.85714
7.04082 6.85714
7.34694 6.85714
7.65306 6.85714
7.95918 6.85714
8.26531 6.85714
8.57143 6.85714
8.87755 6.85714
9.18367 6.85714
9.4898 6.85714
9.79592 6.85714
10.102 6.85714
10.4082 6.85714
10.7143 6.85714
11.0204 6.85714
11.3265 6.85714
11.6327 6.85714
11.9388 6.85714
12.2449 6.85714
12.551 6.85714
12.8571 6.85714
13.1633 6.85714
13.4694 6.85714
13.7755 6.85714
14.0816 6.85714
14.3878 6.85714
14.6939 6.85714
15 6.85714
0 7.14286
0.306122 7.14286
0.612245 7.14286
0.918367 7.14286
1.22449 7.14286
1.53061 7.14286
1.83673 7.14286
2.14286 7.14286
2.44898 7.14286
2.7551 7.14286
3.06122 7.14286
3.36735 7.14286
3.67347 7.14286
3.97959 7.14286
4.28571 7.14286
4.59184 7.14286
4.89796 7.14286
5.20408 7.14286
5.5102 7.14286
5.81633 7.14286
6.12245 7.14286
6.42857 7.14286
6.73469 7.14286
7.04082 7.14286
7.34694 7.14286
7.65306 7.14286
7.95918 7.14286
8.26531 7.14286
8.57143 7.14286
8.87755 7.14286
9.18367 7.14286
9.4898 7.14286
9.79592 7.14286
10.102 7.14286
10.4082 7.14286
10.7143 7.14286
11.0204 7.14286
11.3265 7.14286
11.6327 7.14286
11.9388 7.14286
12.2449 7.14286
12.551 7.14286
12.8571 7.14286
13.1633 7.14286
13.4694 7.14286
13.7755 7.14286
14.0816 7.14286
14.3878 7.14286
14.6939 7.14286
15 7.14286
0 7.42857
0.306122 7.42857
0.612245 7.42857
0.918367 7.42857
1.22449 7.42857
1.53061 7.42857
1.83673 7.42857
2.14286 7.42857
2.44898 7.42857
2.7551 7.42857
3.06122 7.42857
3.36735 7.42857
3.67347 7.42857
3.97959 7.42857
4.28571 7.42857
4.59184 7.42857
4.89796 7.42857
5.20408 7.42857
5.5102 7.42857
5.81633 7.42857
6.12245 7.42857
6.42857 7.42857
6.73469 7.42857
7.04082 7.42857
7.34694 7.42857
7.65306 7.42857
7.95918 7.42857
8.26531 7.42857
8.57143 7.42857
8.87755 7.42857
9.18367 7.42857
9.4898 7.42857
9.79592 7.42857
10.102 7.42857
10.4082 7.42857
10.7143 7.42857
11.0204 7.42857
11.3265 7.42857
11.6327 7.42857
11.9388 7.42857
12.2449 7.42857
12.551 7.42857
12.8571 7.42857
13.1633 7.42857
13.4694 7.42857
13.7755 7.42857
14.0816 7.42857
14.3878 7.42857
14.6939 7.42857
15 7.42857
0 7.71429
0.306122 7.71429
0.612245 7.71429
0.918367 7.71429
1.22449 7.71429
1.53061 7.71429
1.83673 7.71429
2.14286 7.71429
2.44898 7.71429
2.7551 7.71429
3.06122 7.71429
3.36735 7.71429
3.67347 7.71429
3.97959 7.71429
4.28571 7.71429
4.59184 7.71429
4.89796 7.71429
5.20408 7.71429
5.5102 7.71429
5.81633 7.71429
6.12245 7.71429
6.42857 7.71429
6.73469 7.71429
7.04082 7.71429
7.34694 7.71429
7.65306 7.71429
7.95918 7.71429
8.26531 7.71429
8.57143 7.71429
8.87755 7.71429
9.18367 7.71429
9.4898 7.71429
9.79592 7.71429
10.102 7.71429
10.4082 7.71429
10.7143 7.71429
11.0204 7.71429
11.3265 7.71429
11.6327 7.71429
11.9388 7.71429
12.2449 7.71429
12.551 7.71429
12.8571 7.71429
13.1633 7.71429
13.4694 7.71429
13.7755 7.71429
14.0816 7.71429
14.3878 7.71429
14.6939 7.71429
15 7.71429
0 8
0.306122 8
0.612245 8
0.918367 8
1.22449 8
1.53061 8
1.83673 8
2.14286 8
2.44898 8
2.7551 8
3.06122 8
3.36735 8
3.67347 8
3.97959 8
4.28571 8
4.59184 8
4.89796 8
5.20408 8
5.5102 8
5.81633 8
6.12245 8
6.42857 8
6.73469 8
7.04082 8
7.34694 8
7.65306 8
7.95918 8
8.26531 8
8.57143 8
8.87755 8
9.18367 8
9.4898 8
9.79592 8
10.102 8
10.4082 8
10.7143 8
11.0204 8
11.3265 8
11.6327 8
11.9388 8
12.2449 8
12.551 8
12.8571 8
13.1633 8
13.4694 8
13.7755 8
14.0816 8
14.3878 8
14.6939 8
15 8
0 8.28571
0.306122 8.28571
0.612245 8.28571
0.918367 8.28571
1.22449 8.28571
1.53061 8.28571
1.83673 8.28571
2.14286 8.28571
2.44898 8.28571
2.7551 8.28571
3.06122 8.28571
3.36735 8.28571
3.67347 8.28571
3.97959 8.28571
4.28571 8.28571
4.59184 8.28571
4.89796 8.28571
5.20408 8.28571
5.5102 8.28571
5.81633 8.28571
6.12245 8.28571
6.42857 8.28571
6.73469 8.28571
7.04082 8.28571
7.34694 8.28571
7.65306 8.28571
7.95918 8.28571
8.26531 8.28571
8.57143 8.28571
8.87755 8.28571
9.18367 8.28571
9.4898 8.28571
9.79592 8.28571
10.102 8.28571
10.4082 8.28571
10.7143 8.28571
11.0204 8.28571
11.3265 8.28571
11.6327 8.28571
11.9388 8.28571
12.2449 8.28571
12.551 8.28571
12.8571 8.28571
13.1633 8.28571
13.4694 8.28571
13.7755 8.28571
14.0816 8.28571
14.3878 8.28571
14.6939 8.28571
15 8.28571
0 8.57143
0.306122 8.57143
0.612245 8.57143
0.918367 8.57143
1.22449 8.57143
1.53061 8.57143
1.83673 8.57143
2.14286 8.57143
2.44898 8.57143
2.7551 8.57143
3.06122 8.57143
3.36735 8.57143
3.67347 8.57143
3.97959 8.57143
4.28571 8.57143
4.59184 8.57143
4.89796 8.57143
5.20408 8.57143
5.5102 8.57143
5.81633 8.57143
6.12245 8.57143
6.42857 8.57143
6.73469 8.57143
7.04082 8.57143
7.34694 8.57143
7.65306 8.57143
7.95918 8.57143
8.26531 8.57143
8.57143 8.57143
8.87755 8.57143
9.18367 8.57143
9.4898 8.57143
9.79592 8.57143
10.102 8.57143
10.4082 8.57143
10.7143 8.57143
11.0204 8.57143
11.3265 8.57143
11.6327 8.57143
11.9388 8.57143
12.2449 8.57143
12.551 8.57143
12.8571 8.57143
13.1633 8.57143
13.4694 8.57143
13.7755 8.57143
14.0816 8.57143
14.3878 8.57143
14.6939 8.57143
15 8.57143
0 8.85714
0.306122 8.85714
0.612245 8.85714
0.918367 8.85714
1.22449 8.85714
1.53061 8.85714
1.83673 8.85714
2.14286 8.85714
2.44898 8.85714
2.7551 8.85714
3.06122 8.85714
3.36735 8.85714
3.67347 8.85714
3.97959 8.85714
4.28571 8.85714
4.59184 8.85714
4.89796 8.85714
5.20408 8.85714
5.5102 8.85714
5.81633 8.85714
6.12245 8.85714
6.42857 8.85714
6.73469 8.85714
7.04082 8.85714
7.34694 8.85714
7.65306 8.85714
7.95918 8.85714
8.26531 8.85714
8.57143 8.85714
8.87755 8.85714
9.18367 8.85714
9.4898 8.85714
9.79592 8.85714
10.102 8.85714
10.4082 8.85714
10.7143 8.85714
11.0204 8.85714
11.3265 8.85714
11.6327 8.85714
11.9388 8.85714
12.2449 8.85714
12.551 8.85714
12.8571 8.85714
13.1633 8.85714
13.4694 8.85714
13.7755 8.85714
14.0816 8.85714
14.3878 8.85714
14.6939 8.85714
15 8.85714
0 9.14286
0.306122 9.14286
0.612245 9.14286
0.918367 9.14286
1.22449 9.14286
1.53061 9.14286
1.83673 9.14286
2.14286 9.14286
2.44898 9.14286
2.7551 9.14286
3.06122 9.14286
3.36735 9.14286
3.67347 9.14286
3.97959 9.14286
4.28571 9.14286
4.59184 9.14286
4.89796 9.14286
5.20408 9.14286
5.5102 9.14286
5.81633 9.14286
6.12245 9.14286
6.42857 9.14286
6.73469 9.14286
7.04082 9.14286
7.34694 9.14286
7.65306 9.14286
7.95918 9.14286
8.26531 9.14286
8.57143 9.14286
8.87755 9.14286
9.18367 9.14286
9.4898 9.14286
9.79592 9.14286
10.102 9.14286
10.4082 9.14286
10.7143 9.14286
11.0204 9.14286
11.3265 9.14286
11.6327 9.14286
11.9388 9.14286
12.2449 9.14286
12.551 9.14286
12.8571 9.14286
13.1633 9.14286
13.4694 9.14286
13.7755 9.14286
14.0816 9.14286
14.3878 9.14286
14.6939 9.14286
15 9.14286
0 9.42857
0.306122 9.42857
0.612245 9.42857
0.918367 9.42857
1.22449 9.42857
1.53061 9.42857
1.83673 9.42857
2.14286 9.42857
2.44898 9.42857
2.7551 9.42857
3.06122 9.42857
3.36735 9.42857
3.67347 9.42857
3.97959 9.42857
4.28571 9.42857
4.59184 9.42857
4.89796 9.42857
5.20408 9.42857
5.5102 9.42857
5.81633 9.42857
6.12245 9.42857
6.42857 9.42857
6.73469 9.42857
7.04082 9.42857
7.34694 9.42857
7.65306 9.42857
7.95918 9.42857
8.26531 9.42857
8.57143 9.42857
8.87755 9.42857
9.18367 9.42857
9.4898 9.42857
9.79592 9.42857
10.102 9.42857
10.4082 9.42857
10.7143 9.42857
11.0204 9.42857
11.3265 9.42857
11.6327 9.42857
11.9388 9.42857
12.2449 9.42857
12.551 9.42857
12.8571 9.42857
13.1633 9.42857
13.4694 9.42857
13.7755 9.42857
14.0816 9.42857
14.3878 9.42857
14.6939 9.42857
15 9.42857
0 9.71429
0.306122 9.71429
0.612245 9.71429
0.918367 9.71429
1.22449 9.71429
1.53061 9.71429
1.83673 9.71429
2.14286 9.71429
2.44898 9.71429
2.7551 9.71429
3.06122 9.71429
3.36735 9.71429
3.67347 9.71429
3.97959 9.71429
4.28571 9.71429
4.59184 9.71429
4.89796 9.71429
5.20408 9.71429
5.5102 9.71429
5.81633 9.71429
6.12245 9.71429
6.42857 9.71429
6.73469 9.71429
7.04082 9.71429
7.34694 9.71429
7.65306 9.71429
7.95918 9.71429
8.26531 9.71429
8.57143 9.71429
8.87755 9.71429
9.18367 9.71429
9.4898 9.71429
9.79592 9.71429
10.102 9.71429
10.4082 9.71429
10.7143 9.71429
11.0204 9.71429
11.3265 9.71429
11.6327 9.71429
11.9388 9.71429
12.2449 9.71429
12.551 9.71429
12.8571 9.71429
13.1633 9.71429
13.4694 9.71429
13.7755 9.71429
14.0816 9.71429
14.3878 9.71429
14.6939 9.71429
15 9.71429
0 10
0.306122 10
0.612245 10
0.918367 10
1.22449 10
1.53061 10
1.83673 10
2.14286 10
2.44898 10
2.7551 10
3.06122 10
3.36735 10
3.67347 10
3.97959 10
4.28571 10
4.59184 10
4.89796 10
5.20408 10
5.5102 10
5.81633 10
6.12245 10
6.42857 10
6.73469 10
7.04082 10
7.34694 10
7.65306 10
7.95918 10
8.26531 10
8.57143 10
8.87755 10
9.18367 10
9.4898 10
9.79592 10
10.102 10
10.4082 10
10.7143 10
11.0204 10
11.3265 10
11.6327 10
11.9388 10
12.2449 10
12.551 10
12.8571 10
13.1633 10
13.4694 10
13.7755 10
14.0816 10
14.3878 10
14.6939 10
15 10
0 10.2857
0.306122 10.2857
0.612245 10.2857
0.918367 10.2857
1.22449 10.2857
1.53061 10.2857
1.83673 10.2857
2.14286 10.2857
2.44898 10.2857
2.7551 10.2857
3.06122 10.2857
3.36735 10.2857
3.67347 10.2857
3.97959 10.2857
4.28571 10.2857
4.59184 10.2857
4.89796 10.2857
5.20408 10.2857
5.5102 10.2857
5.81633 10.2857
6.12245 10.2857
6.42857 10.2857
6.73469 10.2857
7.04082 10.2857
7.34694 10.2857
7.65306 10.2857
7.95918 10.2857
8.26531 10.2857
8.57143 10.2857
8.87755 10.2857
9.18367 10.2857
9.4898 10.2857
9.79592 10.2857
10.102 10.2857
10.4082 10.2857
10.7143 10.2857
11.0204 10.2857
11.3265 10.2857
11.6327 10.2857
11.9388 10.2857
12.2449 10.2857
12.551 10.2857
12.8571 10.2857
13.1633 10.2857
13.4694 10.2857
13.7755 10.2857
14.0816 10.2857
14.3878 10.2857
14.6939 10.2857
15 10.2857
0 10.5714
0.306122 10.5714
0.612245 10.5714
0.918367 10.5714
1.22449 10.5714
1.53061 10.5714
1.83673 10.5714
2.14286 10.5714
2.44898 10.5714
2.7551 10.5714
3.06122 10.5714
3.36735 10.5714
3.67347 10.5714
3.97959 10.5714
4.28571 10.5714
4.59184 10.5714
4.89796 10.5714
5.20408 10.5714
5.5102 10.5714
5.81633 10.5714
6.12245 10.5714
6.42857 10.5714
6.73469 10.5714
7.04082 10.5714
7.34694 10.5714
7.65306 10.5714
7.95918 10.5714
8.26531 10.5714
8.57143 10.5714
8.87755 10.5714
9.18367 10.5714
9.4898 10.5714
9.79592 10.5714
10.102 10.5714
10.4082 10.5714
10.7143 10.5714
11.0204 10.5714
11.3265 10.5714
11.6327 10.5714
11.9388 10.5714
12.2449 10.5714
12.551 10.5714
12.8571 10.5714
13.1633 10.5714
13.4694 10.5714
13.7755 10.5714
14.0816 10.5714
14.3878 10.5714
14.6939 10.5714
15 10.5714
0 10.8571
0.306122 10.8571
0.612245 10.8571
0.918367 10.8571
1.22449 10.8571
1.53061 10.8571
1.83673 10.8571
2.14286 10.8571
2.44898 10.8571
2.7551 10.8571
3.06122 10.8571
3.36735 10.8571
3.67347 10.8571
3.97959 10.8571
4.28571 10.8571
4.59184 10.8571
4.89796 10.8571
5.20408 10.8571
5.5102 10.8571
5.81633 10.8571
6.12245 10.8571
6.42857 10.8571
6.73469 10.8571
7.04082 10.8571
7.34694 10.8571
7.65306 10.8571
7.95918 10.8571
8.26531 10.8571
8.57143 10.8571
8.87755 10.8571
9.18367 10.8571
9.4898 10.8571
9.79592 10.8571
10.102 10.8571
10.4082 10.8571
10.7143 10.8571
11.0204 10.8571
11.3265 10.8571
11.6327 10.8571
11.9388 10.8571
12.2449 10.8571
12.551 10.8571
12.8571 10.8571
13.1633 10.8571
13.4694 10.8571
13.7755 10.8571
14.0816 10.8571
14.3878 10.8571
14.6939 10.8571
15 10.8571
0 11.1429
0.306122 11.1429
0.612245 11.1429
0.918367 11.1429
1.22449 11.1429
1.53061 11.1429
1.83673 11.1429
2.14286 11.1429
2.44898 11.1429
2.7551 11.1429
3.06122 11.1429
3.36735 11.1429
3.67347 11.1429
3.97959 11.1429
4.28571 11.1429
4.59184 11.1429
4.89796 11.1429
5.20408 11.1429
5.5102 11.1429
5.81633 11.1429
6.12245 11.1429
6.42857 11.1429
6.73469 11.1429
7.04082 11.1429
7.34694 11.1429
7.65306 11.1429
7.95918 11.1429
8.26531 11.1429
8.57143 11.1429
8.87755 11.1429
9.18367 11.1429
9.4898 11.1429
9.79592 11.1429
10.102 11.1429
10.4082 11.1429
10.7143 11.1429
11.0204 11.1429
11.3265 11.1429
11.6327 11.1429
11.9388 11.1429
12.2449 11.1429
12.551 11.1429
12.8571 11.1429
13.1633 11.1429
13.4694 11.1429
13.7755 11.1429
14.0816 11.1429
14.3878 11.1429
14.6939 11.1429
15 11.1429
0 11.4286
0.306122 11.4286
0.612245 11.4286
0.918367 11.4286
1.22449 11.4286
1.53061 11.4286
1.83673 11.4286
2.14286 11.4286
2.44898 11.4286
2.7551 11.4286
3.06122 11.4286
3.36735 11.4286
3.67347 11.4286
3.97959 11.4286
4.28571 11.4286
4.59184 11.4286
4.89796 11.4286
5.20408 11.4286
5.5102 11.4286
5.81633 11.4286
6.12245 11.4286
6.42857 11.4286
6.73469 11.4286
7.04082 11.4286
7.34694 11.4286
7.65306 11.4286
7.95918 11.4286
8.26531 11.4286
8.57143 11.4286
8.87755 11.4286
9.18367 11.4286
9.4898 11.4286
9.79592 11.4286
10.102 11.4286
10.4082 11.4286
10.7143 11.4286
11.0204 11.4286
11.3265 11.4286
11.6327 11.4286
11.9388 11.4286
12.2449 11.4286
12.551 11.4286
12.8571 11.4286
13.1633 11.4286
13.4694 11.4286
13.7755 11.4286
14.0816 11.4286
14.3878 11.4286
14.6939 11.4286
15 11.4286
0 11.7143
0.306122 11.7143
0.612245 11.7143
0.918367 11.7143
1.22449 11.7143
1.53061 11.7143
1.83673 11.7143
2.14286 11.7143
2.44898 11.7143
2.7551 11.7143
3.06122 11.7143
3.36735 11.7143
3.67347 11.7143
3.97959 11.7143
4.28571 11.7143
4.59184 11.7143
4.89796 11.7143
5.20408 11.7143
5.5102 11.7143
5.81633 11.7143
6.12245 11.7143
6.42857 11.7143
6.73469 11.7143
7.04082 11.7143
7.34694 11.7143
7.65306 11.7143
7.95918 11.7143
8.26531 11.7143
8.57143 11.7143
8.87755 11.7143
9.18367 11.7143
9.4898 11.7143
9.79592 11.7143
10.102 11.7143
10.4082 11.7143
10.7143 11.7143
11.0204 11.7143
11.3265 11.7143
11.6327 11.7143
11.9388 11.7143
12.2449 11.7143
12.551 11.7143
12.8571 11.7143
13.1633 11.7143
13.4694 11.7143
13.7755 11.7143
14.0816 11.7143
14.3878 11.7143
14.6939 11.7143
15 11.7143
0 12
0.306122 12
0.612245 12
0.918367 12
1.22449 12
1.53061 12
1.83673 12
2.14286 12
2.44898 12
2.7551 12
3.06122 12
3.36735 12
3.67347 12
3.97959 12
4.28571 12
4.59184 12
4.89796 12
5.20408 12
5.5102 12
5.81633 12
6.12245 12
6.42857 12
6.73469 12
7.04082 12
7.34694 12
7.65306 12
7.95918 12
8.26531 12
8.57143 12
8.87755 12
9.18367 12
9.4898 12
9.79592 12
10.102 12
10.4082 12
10.7143 12
11.0204 12
11.3265 12
11.6327 12
11.9388 12
12.2449 12
12.551 12
12.8571 12
13.1633 12
13.4694 12
13.7755 12
14.0816 12
14.3878 12
14.6939 12
15 12
0 12.2857
0.306122 12.2857
0.612245 12.2857
0.918367 12.2857
1.22449 12.2857
1.53061 12.2857
1.83673 12.2857
2.14286 12.2857
2.44898 12.2857
2.7551 12.2857
3.06122 12.2857
3.36735 12.2857
3.67347 12.2857
3.97959 12.2857
4.28571 12.2857
4.59184 12.2857
4.89796 12.2857
5.20408 12.2857
5.5102 12.2857
5.81633 12.2857
6.12245 12.2857
6.42857 12.2857
6.73469 12.2857
7.04082 12.2857
7.34694 12.2857
7.65306 12.2857
7.95918 12.2857
8.26531 12.2857
8.57143 12.2857
8.87755 12.2857
9.18367 12.2857
9.4898 12.2857
9.79592 12.2857
10.102 12.2857
10.4082 12.2857
10.7143 12.2857
11.0204 12.2857
11.3265 12.2857
11.6327 12.2857
11.9388 12.2857
12.2449 12.2857
12.551 12.2857
12.8571 12.2857
13.1633 12.2857
13.4694 12.2857
13.7755 12.2857
14.0816 12.2857
14.3878 12.2857
14.6939 12.2857
15 12.2857
0 12.5714
0.306122 12.5714
0.612245 12.5714
0.918367 12.5714
1.22449 12.5714
1.53061 12.5714
1.83673 12.5714
2.14286 12.5714
2.44898 12.5714
2.7551 12.5714
3.06122 12.5714
3.36735 12.5714
3.67347 12.5714
3.97959 12.5714
4.28571 12.5714
4.59184 12.5714
4.89796 12.5714
5.20408 12.5714
5.5102 12.5714
5.81633 12.5714
6.12245 12.5714
6.42857 12.5714
6.73469 12.5714
7.04082 12.5714
7.34694 12.5714
7.65306 12.5714
7.95918 12.5714
8.26531 12.5714
8.57143 12.5714
8.87755 12.5714
9.18367 12.5714
9.4898 12.5714
9.79592 12.5714
10.102 12.5714
10.4082 12.5714
10.7143 12.5714
11.0204 12.5714
11.3265 12.5714
11.6327 12.5714
11.9388 12.5714
12.2449 12.5714
12.551 12.5714
12.8571 12.5714
13.1633 12.5714
13.4694 12.5714
13.7755 12.5714
14.0816 12.5714
14.3878 12.5714
14.6939 12.5714
15 12.5714
0 12.8571
0.306122 12.8571
0.612245 12.8571
0.918367 12.8571
1.22449 12.8571
1.53061 12.8571
1.83673 12.8571
2.14286 12.8571
2.44898 12.8571
2.7551 12.8571
3.06122 12.8571
3.36735 12.8571
3.67347 12.8571
3.97959 12.8571
4.28571 12.8571
4.59184 12.8571
4.89796 12.8571
5.20408 12.8571
5.5102 12.8571
5.81633 12.8571
6.12245 12.8571
6.42857 12.8571
6.73469 12.8571
7.04082 12.8571
7.34694 12.8571
7.65306 12.8571
7.95918 12.8571
8.26531 12.8571
8.57143 12.8571
8.87755 12.8571
9.18367 12.8571
9.4898 12.8571
9.79592 12.8571
10.102 12.8571
10.4082 12.8571
10.7143 12.8571
11.0204 12.8571
11.3265 12.8571
11.6327 12.8571
11.9388 12.8571
12.2449 12.8571
12.551 12.8571
12.8571 12.8571
13.1633 12.8571
13.4694 12.8571
13.7755 12.8571
14.0816 12.8571
14.3878 12.8571
14.6939 12.8571
15 12.8571
0 13.1429
0.306122 13.1429
0.612245 13.1429
0.918367 13.1429
1.22449 13.1429
1.53061 13.1429
1.83673 13.1429
2.14286 13.1429
2.44898 13.1429
2.7551 13.1429
3.06122 13.1429
3.36735 13.1429
3.67347 13.1429
3.97959 13.1429
4.28571 13.1429
4.59184 13.1429
4.89796 13.1429
5.20408 13.1429
5.5102 13.1429
5.81633 13.1429
6.12245 13.1429
6.42857 13.1429
6.73469 13.1429
7.04082 13.1429
7.34694 13.1429
7.65306 13.1429
7.95918 13.1429
8.26531 13.1429
8.57143 13.1429
8.87755 13.1429
9.18367 13.1429
9.4898 13.1429
9.79592 13.1429
10.102 13.1429
10.4082 13.1429
10.7143 13.1429
11.0204 13.1429
11.3265 13.1429
11.6327 13.1429
11.9388 13.1429
12.2449 13.1429
12.551 13.1429
12.8571 13.1429
13.1633 13.1429
13.4694 13.1429
13.7755 13.1429
14.0816 13.1429
14.3878 13.1429
14.6939 13.1429
15 13.1429
0 13.4286
0.306122 13.4286
0.612245 13.4286
0.918367 13.4286
1.22449 13.4286
1.53061 13.4286
1.83673 13.4286
2.14286 13.4286
2.44898 13.4286
2.7551 13.4286
3.06122 13.4286
3.36735 13.4286
3.67347 13.4286
3.97959 13.4286
4.28571 13.4286
4.59184 13.4286
4.89796 13.4286
5.20408 13.4286
5.5102 13.4286
5.81633 13.4286
6.12245 13.4286
6.42857 13.4286
6.73469 13.4286
7.04082 13.4286
7.34694 13.4286
7.65306 13.4286
7.95918 13.4286
8.26531 13.4286
8.57143 13.4286
8.87755 13.4286
9.18367 13.4286
9.4898 13.4286
9.79592 13.4286
10.102 13.4286
10.4082 13.4286
10.7143 13.4286
11.0204 13.4286
11.3265 13.4286
11.6327 13.4286
11.9388 13.4286
12.2449 13.4286
12.551 13.4286
12.8571 13.4286
13.1633 13.4286
13.4694 13.4286
13.7755 13.4286
14.0816 13.4286
14.3878 13.4286
14.6939 13.4286
15 13.4286
0 13.7143
0.306122 13.7143
0.612245 13.7143
0.918367 13.7143
1.22449 13.7143
1.53061 13.7143
1.83673 13.7143
2.14286 13.7143
2.44898 13.7143
2.7551 13.7143
3.06122 13.7143
3.36735 13.7143
3.67347 13.7143
3.97959 13.7143
4.28571 13.7143
4.59184 13.7143
4.89796 13.7143
5.20408 13.7143
5.5102 13.7143
5.81633 13.7143
6.12245 13.7143
6.42857 13.7143
6.73469 13.7143
7.04082 13.7143
7.34694 13.7143
7.65306 13.7143
7.95918 13.7143
8.26531 13.7143
8.57143 13.7143
8.87755 13.7143
9.18367 13.7143
9.4898 13.7143
9.79592 13.7143
10.102 13.7143
10.4082 13.7143
10.7143 13.7143
11.0204 13.7143
11.3265 13.7143
11.6327 13.7143
11.9388 13.7143
12.2449 13.7143
12.551 13.7143
12.8571 13.7143
13.1633 13.7143
13.4694 13.7143
13.7755 13.7143
14.0816 13.7143
14.3878 13.7143
14.6939 13.7143
15 13.7143
0 14
0.306122 14
0.612245 14
0.918367 14
1.22449 14
1.53061 14
1.83673 14
2.14286 14
2.44898 14
2.7551 14
3.06122 14
3.36735 14
3.67347 14
3.97959 14
4.28571 14
4.59184 14
4.89796 14
5.20408 14
5.5102 14
5.81633 14
6.12245 14
6.42857 14
6.73469 14
7.04082 14
7.34694 14
7.65306 14
7.95918 14
8.26531 14
8.57143 14
8.87755 14
9.18367 14
9.4898 14
9.79592 14
10.102 14
10.4082 14
10.7143 14
11.0204 14
11.3265 14
11.6327 14
11.9388 14
12.2449 14
12.551 14
12.8571 14
13.1633 14
13.4694 14
13.7755 14
14.0816 14
14.3878 14
14.6939 14
15 14
