-10 -8
-9.08163 -8
-8.16327 -8
-7.2449 -8
-6.32653 -8
-5.40816 -8
-4.4898 -8
-3.57143 -8
-2.65306 -8
-1.73469 -8
-0.816327 -8
0.102041 -8
1.02041 -8
1.93878 -8
2.85714 -8
3.77551 -8
4.69388 -8
5.61224 -8
6.53061 -8
7.44898 -8
8.36735 -8
9.28571 -8
10.2041 -8
11.1224 -8
12.0408 -8
12.9592 -8
13.8776 -8
14.7959 -8
15.7143 -8
16.6327 -8
17.551 -8
18.4694 -8
19.3878 -8
20.3061 -8
21.2245 -8
22.1429 -8
23.0612 -8
23.9796 -8
24.898 -8
25.8163 -8
26.7347 -8
27.6531 -8
28.5714 -8
29.4898 -8
30.4082 -8
31.3265 -8
32.2449 -8
33.1633 -8
34.0816 -8
35 -8
-10 -7.67347
-9.08163 -7.67347
-8.16327 -7.67347
-7.2449 -7.67347
-6.32653 -7.67347
-5.40816 -7.67347
-4.4898 -7.67347
-3.57143 -7.67347
-2.65306 -7.67347
-1.73469 -7.67347
-0.816327 -7.67347
0.102041 -7.67347
1.02041 -7.67347
1.93878 -7.67347
2.85714 -7.67347
3.77551 -7.67347
4.69388 -7.67347
5.61224 -7.67347
6.53061 -7.67347
7.44898 -7.67347
8.36735 -7.67347
9.28571 -7.67347
10.2041 -7.67347
11.1224 -7.67347
12.0408 -7.67347
12.9592 -7.67347
13.8776 -7.67347
14.7959 -7.67347
15.7143 -7.67347
16.6327 -7.67347
17.551 -7.67347
18.4694 -7.67347
19.3878 -7.67347
20.3061 -7.67347
21.2245 -7.67347
22.1429 -7.67347
23.0612 -7.67347
23.9796 -7.67347
24.898 -7.67347
25.8163 -7.67347
26.7347 -7.67347
27.6531 -7.67347
28.5714 -7.67347
29.4898 -7.67347
30.4082 -7.67347
31.3265 -7.67347
32.2449 -7.67347
33.1633 -7.67347
34.0816 -7.67347
35 -7.67347
-10 -7.34694
-9.08163 -7.34694
-8.16327 -7.34694
-7.2449 -7.34694
-6.32653 -7.34694
-5.40816 -7.34694
-4.4898 -7.34694
-3.57143 -7.34694
-2.65306 -7.34694
-1.73469 -7.34694
-0.816327 -7.34694
0.102041 -7.34694
1.02041 -7.34694
1.93878 -7.34694
2.85714 -7.34694
3.77551 -7.34694
4.69388 -7.34694
5.61224 -7.34694
6.53061 -7.34694
7.44898 -7.34694
8.36735 -7.34694
9.28571 -7.34694
10.2041 -7.34694
11.1224 -7.34694
12.0408 -7.34694
12.9592 -7.34694
13.8776 -7.34694
14.7959 -7.34694
15.7143 -7.34694
16.6327 -7.34694
17.551 -7.34694
18.4694 -7.34694
19.3878 -7.34694
20.3061 -7.34694
21.2245 -7.34694
22.1429 -7.34694
23.0612 -7.34694
23.9796 -7.34694
24.898 -7.34694
25.8163 -7.34694
26.7347 -7.34694
27.6531 -7.34694
28.5714 -7.34694
29.4898 -7.34694
30.4082 -7.34694
31.3265 -7.34694
32.2449 -7.34694
33.1633 -7.34694
34.0816 -7.34694
35 -7.34694
-10 -7.02041
-9.08163 -7.02041
-8.16327 -7.02041
-7.2449 -7.02041
-6.32653 -7.02041
-5.40816 -7.02041
-4.4898 -7.02041
-3.57143 -7.02041
-2.65306 -7.02041
-1.73469 -7.02041
-0.816327 -7.02041
0.102041 -7.02041
1.02041 -7.02041
1.93878 -7.02041
2.85714 -7.02041
3.77551 -7.02041
4.69388 -7.02041
5.61224 -7.02041
6.53061 -7.02041
7.44898 -7.02041
8.36735 -7.02041
9.28571 -7.02041
10.2041 -7.02041
11.1224 -7.02041
12.0408 -7.02041
12.9592 -7.02041
13.8776 -7.02041
14.7959 -7.02041
15.7143 -7.02041
16.6327 -7.02041
17.551 -7.02041
18.4694 -7.02041
19.3878 -7.02041
20.3061 -7.02041
21.2245 -7.02041
22.1429 -7.02041
23.0612 -7.02041
23.9796 -7.02041
24.898 -7.02041
25.8163 -7.02041
26.7347 -7.02041
27.6531 -7.02041
28.5714 -7.02041
29.4898 -7.02041
30.4082 -7.02041
31.3265 -7.02041
32.2449 -7.02041
33.1633 -7.02041
34.0816 -7.02041
35 -7.02041
-10 -6.69388
-9.08163 -6.69388
-8.16327 -6.69388
-7.2449 -6.69388
-6.32653 -6.69388
-5.40816 -6.69388
-4.4898 -6.69388
-3.57143 -6.69388
-2.65306 -6.69388
-1.73469 -6.69388
-0.816327 -6.69388
0.102041 -6.69388
1.02041 -6.69388
1.93878 -6.69388
2.85714 -6.69388
3.77551 -6.69388
4.69388 -6.69388
5.61224 -6.69388
6.53061 -6.69388
7.44898 -6.69388
8.36735 -6.69388
9.28571 -6.69388
10.2041 -6.69388
11.1224 -6.69388
12.0408 -6.69388
12.9592 -6.69388
13.8776 -6.69388
14.7959 -6.69388
15.7143 -6.69388
16.6327 -6.69388
17.551 -6.69388
18.4694 -6.69388
19.3878 -6.69388
20.3061 -6.69388
21.2245 -6.69388
22.1429 -6.69388
23.0612 -6.69388
23.9796 -6.69388
24.898 -6.69388
25.8163 -6.69388
26.7347 -6.69388
27.6531 -6.69388
28.5714 -6.69388
29.4898 -6.69388
30.4082 -6.69388
31.3265 -6.69388
32.2449 -6.69388
33.1633 -6.69388
34.0816 -6.69388
35 -6.69388
-10 -6.36735
-9.08163 -6.36735
-8.16327 -6.36735
-7.2449 -6.36735
-6.32653 -6.36735
-5.40816 -6.36735
-4.4898 -6.36735
-3.57143 -6.36735
-2.65306 -6.36735
-1.73469 -6.36735
-0.816327 -6.36735
0.102041 -6.36735
1.02041 -6.36735
1.93878 -6.36735
2.85714 -6.36735
3.77551 -6.36735
4.69388 -6.36735
5.61224 -6.36735
6.53061 -6.36735
7.44898 -6.36735
8.36735 -6.36735
9.28571 -6.36735
10.2041 -6.36735
11.1224 -6.36735
12.0408 -6.36735
12.9592 -6.36735
13.8776 -6.36735
14.7959 -6.36735
15.7143 -6.36735
16.6327 -6.36735
17.551 -6.36735
18.4694 -6.36735
19.3878 -6.36735
20.3061 -6.36735
21.2245 -6.36735
22.1429 -6.36735
23.0612 -6.36735
23.9796 -6.36735
24.898 -6.36735
25.8163 -6.36735
26.7347 -6.36735
27.6531 -6.36735
28.5714 -6.36735
29.4898 -6.36735
30.4082 -6.36735
31.3265 -6.36735
32.2449 -6.36735
33.1633 -6.36735
34.0816 -6.36735
35 -6.36735
-10 -6.04082
-9.08163 -6.04082
-8.16327 -6.04082
-7.2449 -6.04082
-6.32653 -6.04082
-5.40816 -6.04082
-4.4898 -6.04082
-3.57143 -6.04082
-2.65306 -6.04082
-1.73469 -6.04082
-0.816327 -6.04082
0.102041 -6.04082
1.02041 -6.04082
1.93878 -6.04082
2.85714 -6.04082
3.77551 -6.04082
4.69388 -6.04082
5.61224 -6.04082
6.53061 -6.04082
7.44898 -6.04082
8.36735 -6.04082
9.28571 -6.04082
10.2041 -6.04082
11.1224 -6.04082
12.0408 -6.04082
12.9592 -6.04082
13.8776 -6.04082
14.7959 -6.04082
15.7143 -6.04082
16.6327 -6.04082
17.551 -6.04082
18.4694 -6.04082
19.3878 -6.04082
20.3061 -6.04082
21.2245 -6.04082
22.1429 -6.04082
23.0612 -6.04082
23.9796 -6.04082
24.898 -6.04082
25.8163 -6.04082
26.7347 -6.04082
27.6531 -6.04082
28.5714 -6.04082
29.4898 -6.04082
30.4082 -6.04082
31.3265 -6.04082
32.2449 -6.04082
33.1633 -6.04082
34.0816 -6.04082
35 -6.04082
-10 -5.71429
-9.08163 -5.71429
-8.16327 -5.71429
-7.2449 -5.71429
-6.32653 -5.71429
-5.40816 -5.71429
-4.4898 -5.71429
-3.57143 -5.71429
-2.65306 -5.71429
-1.73469 -5.71429
-0.816327 -5.71429
0.102041 -5.71429
1.02041 -5.71429
1.93878 -5.71429
2.85714 -5.71429
3.77551 -5.71429
4.69388 -5.71429
5.61224 -5.71429
6.53061 -5.71429
7.44898 -5.71429
8.36735 -5.71429
9.28571 -5.71429
10.2041 -5.71429
11.1224 -5.71429
12.0408 -5.71429
12.9592 -5.71429
13.8776 -5.71429
14.7959 -5.71429
15.7143 -5.71429
16.6327 -5.71429
17.551 -5.71429
18.4694 -5.71429
19.3878 -5.71429
20.3061 -5.71429
21.2245 -5.71429
22.1429 -5.71429
23.0612 -5.71429
23.9796 -5.71429
24.898 -5.71429
25.8163 -5.71429
26.7347 -5.71429
27.6531 -5.71429
28.5714 -5.71429
29.4898 -5.71429
30.4082 -5.71429
31.3265 -5.71429
32.2449 -5.71429
33.1633 -5.71429
34.0816 -5.71429
35 -5.71429
-10 -5.38776
-9.08163 -5.38776
-8.16327 -5.38776
-7.2449 -5.38776
-6.32653 -5.38776
-5.40816 -5.38776
-4.4898 -5.38776
-3.57143 -5.38776
-2.65306 -5.38776
-1.73469 -5.38776
-0.816327 -5.38776
0.102041 -5.38776
1.02041 -5.38776
1.93878 -5.38776
2.85714 -5.38776
3.77551 -5.38776
4.69388 -5.38776
5.61224 -5.38776
6.53061 -5.38776
7.44898 -5.38776
8.36735 -5.38776
9.28571 -5.38776
10.2041 -5.38776
11.1224 -5.38776
12.0408 -5.38776
12.9592 -5.38776
13.8776 -5.38776
14.7959 -5.38776
15.7143 -5.38776
16.6327 -5.38776
17.551 -5.38776
18.4694 -5.38776
19.3878 -5.38776
20.3061 -5.38776
21.2245 -5.38776
22.1429 -5.38776
23.0612 -5.38776
23.9796 -5.38776
24.898 -5.38776
25.8163 -5.38776
26.7347 -5.38776
27.6531 -5.38776
28.5714 -5.38776
29.4898 -5.38776
30.4082 -5.38776
31.3265 -5.38776
32.2449 -5.38776
33.1633 -5.38776
34.0816 -5.38776
35 -5.38776
-10 -5.06122
-9.08163 -5.06122
-8.16327 -5.06122
-7.2449 -5.06122
-6.32653 -5.06122
-5.40816 -5.06122
-4.4898 -5.06122
-3.57143 -5.06122
-2.65306 -5.06122
-1.73469 -5.06122
-0.816327 -5.06122
0.102041 -5.06122
1.02041 -5.06122
1.93878 -5.06122
2.85714 -5.06122
3.77551 -5.06122
4.69388 -5.06122
5.61224 -5.06122
6.53061 -5.06122
7.44898 -5.06122
8.36735 -5.06122
9.28571 -5.06122
10.2041 -5.06122
11.1224 -5.06122
12.0408 -5.06122
12.9592 -5.06122
13.8776 -5.06122
14.7959 -5.06122
15.7143 -5.06122
16.6327 -5.06122
17.551 -5.06122
18.4694 -5.06122
19.3878 -5.06122
20.3061 -5.06122
21.2245 -5.06122
22.1429 -5.06122
23.0612 -5.06122
23.9796 -5.06122
24.898 -5.06122
25.8163 -5.06122
26.7347 -5.06122
27.6531 -5.06122
28.5714 -5.06122
29.4898 -5.06122
30.4082 -5.06122
31.3265 -5.06122
32.2449 -5.06122
33.1633 -5.06122
34.0816 -5.06122
35 -5.06122
-10 -4.73469
-9.08163 -4.73469
-8.16327 -4.73469
-7.2449 -4.73469
-6.32653 -4.73469
-5.40816 -4.73469
-4.4898 -4.73469
-3.57143 -4.73469
-2.65306 -4.73469
-1.73469 -4.73469
-0.816327 -4.73469
0.102041 -4.73469
1.02041 -4.73469
1.93878 -4.73469
2.85714 -4.73469
3.77551 -4.73469
4.69388 -4.73469
5.61224 -4.73469
6.53061 -4.73469
7.44898 -4.73469
8.36735 -4.73469
9.28571 -4.73469
10.2041 -4.73469
11.1224 -4.73469
12.0408 -4.73469
12.9592 -4.73469
13.8776 -4.73469
14.7959 -4.73469
15.7143 -4.73469
16.6327 -4.73469
17.551 -4.73469
18.4694 -4.73469
19.3878 -4.73469
20.3061 -4.73469
21.2245 -4.73469
22.1429 -4.73469
23.0612 -4.73469
23.9796 -4.73469
24.898 -4.73469
25.8163 -4.73469
26.7347 -4.73469
27.6531 -4.73469
28.5714 -4.73469
29.4898 -4.73469
30.4082 -4.73469
31.3265 -4.73469
32.2449 -4.73469
33.1633 -4.73469
34.0816 -4.73469
35 -4.73469
-10 -4.40816
-9.08163 -4.40816
-8.16327 -4.40816
-7.2449 -4.40816
-6.32653 -4.40816
-5.40816 -4.40816
-4.4898 -4.40816
-3.57143 -4.40816
-2.65306 -4.40816
-1.73469 -4.40816
-0.816327 -4.40816
0.102041 -4.40816
1.02041 -4.40816
1.93878 -4.40816
2.85714 -4.40816
3.77551 -4.40816
4.69388 -4.40816
5.61224 -4.40816
6.53061 -4.40816
7.44898 -4.40816
8.36735 -4.40816
9.28571 -4.40816
10.2041 -4.40816
11.1224 -4.40816
12.0408 -4.40816
12.9592 -4.40816
13.8776 -4.40816
14.7959 -4.40816
15.7143 -4.40816
16.6327 -4.40816
17.551 -4.40816
18.4694 -4.40816
19.3878 -4.40816
20.3061 -4.40816
21.2245 -4.40816
22.1429 -4.40816
23.0612 -4.40816
23.9796 -4.40816
24.898 -4.40816
25.8163 -4.40816
26.7347 -4.40816
27.6531 -4.40816
28.5714 -4.40816
29.4898 -4.40816
30.4082 -4.40816
31.3265 -4.40816
32.2449 -4.40816
33.1633 -4.40816
34.0816 -4.40816
35 -4.40816
-10 -4.08163
-9.08163 -4.08163
-8.16327 -4.08163
-7.2449 -4.08163
-6.32653 -4.08163
-5.40816 -4.08163
-4.4898 -4.08163
-3.57143 -4.08163
-2.65306 -4.08163
-1.73469 -4.08163
-0.816327 -4.08163
0.102041 -4.08163
1.02041 -4.08163
1.93878 -4.08163
2.85714 -4.08163
3.77551 -4.08163
4.69388 -4.08163
5.61224 -4.08163
6.53061 -4.08163
7.44898 -4.08163
8.36735 -4.08163
9.28571 -4.08163
10.2041 -4.08163
11.1224 -4.08163
12.0408 -4.08163
12.9592 -4.08163
13.8776 -4.08163
14.7959 -4.08163
15.7143 -4.08163
16.6327 -4.08163
17.551 -4.08163
18.4694 -4.08163
19.3878 -4.08163
20.3061 -4.08163
21.2245 -4.08163
22.1429 -4.08163
23.0612 -4.08163
23.9796 -4.08163
24.898 -4.08163
25.8163 -4.08163
26.7347 -4.08163
27.6531 -4.08163
28.5714 -4.08163
29.4898 -4.08163
30.4082 -4.08163
31.3265 -4.08163
32.2449 -4.08163
33.1633 -4.08163
34.0816 -4.08163
35 -4.08163
-10 -3.7551
-9.08163 -3.7551
-8.16327 -3.7551
-7.2449 -3.7551
-6.32653 -3.7551
-5.40816 -3.7551
-4.4898 -3.7551
-3.57143 -3.7551
-2.65306 -3.7551
-1.73469 -3.7551
-0.816327 -3.7551
0.102041 -3.7551
1.02041 -3.7551
1.93878 -3.7551
2.85714 -3.7551
3.77551 -3.7551
4.69388 -3.7551
5.61224 -3.7551
6.53061 -3.7551
7.44898 -3.7551
8.36735 -3.7551
9.28571 -3.7551
10.2041 -3.7551
11.1224 -3.7551
12.0408 -3.7551
12.9592 -3.7551
13.8776 -3.7551
14.7959 -3.7551
15.7143 -3.7551
16.6327 -3.7551
17.551 -3.7551
18.4694 -3.7551
19.3878 -3.7551
20.3061 -3.7551
21.2245 -3.7551
22.1429 -3.7551
23.0612 -3.7551
23.9796 -3.7551
24.898 -3.7551
25.8163 -3.7551
26.7347 -3.7551
27.6531 -3.7551
28.5714 -3.7551
29.4898 -3.7551
30.4082 -3.7551
31.3265 -3.7551
32.2449 -3.7551
33.1633 -3.7551
34.0816 -3.7551
35 -3.7551
-10 -3.42857
-9.08163 -3.42857
-8.16327 -3.42857
-7.2449 -3.42857
-6.32653 -3.42857
-5.40816 -3.42857
-4.4898 -3.42857
-3.57143 -3.42857
-2.65306 -3.42857
-1.73469 -3.42857
-0.816327 -3.42857
0.102041 -3.42857
1.02041 -3.42857
1.93878 -3.42857
2.85714 -3.42857
3.77551 -3.42857
4.69388 -3.42857
5.61224 -3.42857
6.53061 -3.42857
7.44898 -3.42857
8.36735 -3.42857
9.28571 -3.42857
10.2041 -3.42857
11.1224 -3.42857
12.0408 -3.42857
12.9592 -3.42857
13.8776 -3.42857
14.7959 -3.42857
15.7143 -3.42857
16.6327 -3.42857
17.551 -3.42857
18.4694 -3.42857
19.3878 -3.42857
20.3061 -3.42857
21.2245 -3.42857
22.1429 -3.42857
23.0612 -3.42857
23.9796 -3.42857
24.898 -3.42857
25.8163 -3.42857
26.7347 -3.42857
27.6531 -3.42857
28.5714 -3.42857
29.4898 -3.42857
30.4082 -3.42857
31.3265 -3.42857
32.2449 -3.42857
33.1633 -3.42857
34.0816 -3.42857
35 -3.42857
-10 -3.10204
-9.08163 -3.10204
-8.16327 -3.10204
-7.2449 -3.10204
-6.32653 -3.10204
-5.40816 -3.10204
-4.4898 -3.10204
-3.57143 -3.10204
-2.65306 -3.10204
-1.73469 -3.10204
-0.816327 -3.10204
0.102041 -3.10204
1.02041 -3.10204
1.93878 -3.10204
2.85714 -3.10204
3.77551 -3.10204
4.69388 -3.10204
5.61224 -3.10204
6.53061 -3.10204
7.44898 -3.10204
8.36735 -3.10204
9.28571 -3.10204
10.2041 -3.10204
11.1224 -3.10204
12.0408 -3.10204
12.9592 -3.10204
13.8776 -3.10204
14.7959 -3.10204
15.7143 -3.10204
16.6327 -3.10204
17.551 -3.10204
18.4694 -3.10204
19.3878 -3.10204
20.3061 -3.10204
21.2245 -3.10204
22.1429 -3.10204
23.0612 -3.10204
23.9796 -3.10204
24.898 -3.10204
25.8163 -3.10204
26.7347 -3.10204
27.6531 -3.10204
28.5714 -3.10204
29.4898 -3.10204
30.4082 -3.10204
31.3265 -3.10204
32.2449 -3.10204
33.1633 -3.10204
34.0816 -3.10204
35 -3.10204
-10 -2.77551
-9.08163 -2.77551
-8.16327 -2.77551
-7.2449 -2.77551
-6.32653 -2.77551
-5.40816 -2.77551
-4.4898 -2.77551
-3.57143 -2.77551
-2.65306 -2.77551
-1.73469 -2.77551
-0.816327 -2.77551
0.102041 -2.77551
1.02041 -2.77551
1.93878 -2.77551
2.85714 -2.77551
3.77551 -2.77551
4.69388 -2.77551
5.61224 -2.77551
6.53061 -2.77551
7.44898 -2.77551
8.36735 -2.77551
9.28571 -2.77551
10.2041 -2.77551
11.1224 -2.77551
12.0408 -2.77551
12.9592 -2.77551
13.8776 -2.77551
14.7959 -2.77551
15.7143 -2.77551
16.6327 -2.77551
17.551 -2.77551
18.4694 -2.77551
19.3878 -2.77551
20.3061 -2.77551
21.2245 -2.77551
22.1429 -2.77551
23.0612 -2.77551
23.9796 -2.77551
24.898 -2.77551
25.8163 -2.77551
26.7347 -2.77551
27.6531 -2.77551
28.5714 -2.77551
29.4898 -2.77551
30.4082 -2.77551
31.3265 -2.77551
32.2449 -2.77551
33.1633 -2.77551
34.0816 -2.77551
35 -2.77551
-10 -2.44898
-9.08163 -2.44898
-8.16327 -2.44898
-7.2449 -2.44898
-6.32653 -2.44898
-5.40816 -2.44898
-4.4898 -2.44898
-3.57143 -2.44898
-2.65306 -2.44898
-1.73469 -2.44898
-0.816327 -2.44898
0.102041 -2.44898
1.02041 -2.44898
1.93878 -2.44898
2.85714 -2.44898
3.77551 -2.44898
4.69388 -2.44898
5.61224 -2.44898
6.53061 -2.44898
7.44898 -2.44898
8.36735 -2.44898
9.28571 -2.44898
10.2041 -2.44898
11.1224 -2.44898
12.0408 -2.44898
12.9592 -2.44898
13.8776 -2.44898
14.7959 -2.44898
15.7143 -2.44898
16.6327 -2.44898
17.551 -2.44898
18.4694 -2.44898
19.3878 -2.44898
20.3061 -2.44898
21.2245 -2.44898
22.1429 -2.44898
23.0612 -2.44898
23.9796 -2.44898
24.898 -2.44898
25.8163 -2.44898
26.7347 -2.44898
27.6531 -2.44898
28.5714 -2.44898
29.4898 -2.44898
30.4082 -2.44898
31.3265 -2.44898
32.2449 -2.44898
33.1633 -2.44898
34.0816 -2.44898
35 -2.44898
-10 -2.12245
-9.08163 -2.12245
-8.16327 -2.12245
-7.2449 -2.12245
-6.32653 -2.12245
-5.40816 -2.12245
-4.4898 -2.12245
-3.57143 -2.12245
-2.65306 -2.12245
-1.73469 -2.12245
-0.816327 -2.12245
0.102041 -2.12245
1.02041 -2.12245
1.93878 -2.12245
2.85714 -2.12245
3.77551 -2.12245
4.69388 -2.12245
5.61224 -2.12245
6.53061 -2.12245
7.44898 -2.12245
8.36735 -2.12245
9.28571 -2.12245
10.2041 -2.12245
11.1224 -2.12245
12.0408 -2.12245
12.9592 -2.12245
13.8776 -2.12245
14.7959 -2.12245
15.7143 -2.12245
16.6327 -2.12245
17.551 -2.12245
18.4694 -2.12245
19.3878 -2.12245
20.3061 -2.12245
21.2245 -2.12245
22.1429 -2.12245
23.0612 -2.12245
23.9796 -2.12245
24.898 -2.12245
25.8163 -2.12245
26.7347 -2.12245
27.6531 -2.12245
28.5714 -2.12245
29.4898 -2.12245
30.4082 -2.12245
31.3265 -2.12245
32.2449 -2.12245
33.1633 -2.12245
34.0816 -2.12245
35 -2.12245
-10 -1.79592
-9.08163 -1.79592
-8.16327 -1.79592
-7.2449 -1.79592
-6.32653 -1.79592
-5.40816 -1.79592
-4.4898 -1.79592
-3.57143 -1.79592
-2.65306 -1.79592
-1.73469 -1.79592
-0.816327 -1.79592
0.102041 -1.79592
1.02041 -1.79592
1.93878 -1.79592
2.85714 -1.79592
3.77551 -1.79592
4.69388 -1.79592
5.61224 -1.79592
6.53061 -1.79592
7.44898 -1.79592
8.36735 -1.79592
9.28571 -1.79592
10.2041 -1.79592
11.1224 -1.79592
12.0408 -1.79592
12.9592 -1.79592
13.8776 -1.79592
14.7959 -1.79592
15.7143 -1.79592
16.6327 -1.79592
17.551 -1.79592
18.4694 -1.79592
19.3878 -1.79592
20.3061 -1.79592
21.2245 -1.79592
22.1429 -1.79592
23.0612 -1.79592
23.9796 -1.79592
24.898 -1.79592
25.8163 -1.79592
26.7347 -1.79592
27.6531 -1.79592
28.5714 -1.79592
29.4898 -1.79592
30.4082 -1.79592
31.3265 -1.79592
32.2449 -1.79592
33.1633 -1.79592
34.0816 -1.79592
35 -1.79592
-10 -1.46939
-9.08163 -1.46939
-8.16327 -1.46939
-7.2449 -1.46939
-6.32653 -1.46939
-5.40816 -1.46939
-4.4898 -1.46939
-3.57143 -1.46939
-2.65306 -1.46939
-1.73469 -1.46939
-0.816327 -1.46939
0.102041 -1.46939
1.02041 -1.46939
1.93878 -1.46939
2.85714 -1.46939
3.77551 -1.46939
4.69388 -1.46939
5.61224 -1.46939
6.53061 -1.46939
7.44898 -1.46939
8.36735 -1.46939
9.28571 -1.46939
10.2041 -1.46939
11.1224 -1.46939
12.0408 -1.46939
12.9592 -1.46939
13.8776 -1.46939
14.7959 -1.46939
15.7143 -1.46939
16.6327 -1.46939
17.551 -1.46939
18.4694 -1.46939
19.3878 -1.46939
20.3061 -1.46939
21.2245 -1.46939
22.1429 -1.46939
23.0612 -1.46939
23.9796 -1.46939
24.898 -1.46939
25.8163 -1.46939
26.7347 -1.46939
27.6531 -1.46939
28.5714 -1.46939
29.4898 -1.46939
30.4082 -1.46939
31.3265 -1.46939
32.2449 -1.46939
33.1633 -1.46939
34.0816 -1.46939
35 -1.46939
-10 -1.14286
-9.08163 -1.14286
-8.16327 -1.14286
-7.2449 -1.14286
-6.32653 -1.14286
-5.40816 -1.14286
-4.4898 -1.14286
-3.57143 -1.14286
-2.65306 -1.14286
-1.73469 -1.14286
-0.816327 -1.14286
0.102041 -1.14286
1.02041 -1.14286
1.93878 -1.14286
2.85714 -1.14286
3.77551 -1.14286
4.69388 -1.14286
5.61224 -1.14286
6.53061 -1.14286
7.44898 -1.14286
8.36735 -1.14286
9.28571 -1.14286
10.2041 -1.14286
11.1224 -1.14286
12.0408 -1.14286
12.9592 -1.14286
13.8776 -1.14286
14.7959 -1.14286
15.7143 -1.14286
16.6327 -1.14286
17.551 -1.14286
18.4694 -1.14286
19.3878 -1.14286
20.3061 -1.14286
21.2245 -1.14286
22.1429 -1.14286
23.0612 -1.14286
23.9796 -1.14286
24.898 -1.14286
25.8163 -1.14286
26.7347 -1.14286
27.6531 -1.14286
28.5714 -1.14286
29.4898 -1.14286
30.4082 -1.14286
31.3265 -1.14286
32.2449 -1.14286
33.1633 -1.14286
34.0816 -1.14286
35 -1.14286
-10 -0.816327
-9.08163 -0.816327
-8.16327 -0.816327
-7.2449 -0.816327
-6.32653 -0.816327
-5.40816 -0.816327
-4.4898 -0.816327
-3.57143 -0.816327
-2.65306 -0.816327
-1.73469 -0.816327
-0.816327 -0.816327
0.102041 -0.816327
1.02041 -0.816327
1.93878 -0.816327
2.85714 -0.816327
3.77551 -0.816327
4.69388 -0.816327
5.61224 -0.816327
6.53061 -0.816327
7.44898 -0.816327
8.36735 -0.816327
9.28571 -0.816327
10.2041 -0.816327
11.1224 -0.816327
12.0408 -0.816327
12.9592 -0.816327
13.8776 -0.816327
14.7959 -0.816327
15.7143 -0.816327
16.6327 -0.816327
17.551 -0.816327
18.4694 -0.816327
19.3878 -0.816327
20.3061 -0.816327
21.2245 -0.816327
22.1429 -0.816327
23.0612 -0.816327
23.9796 -0.816327
24.898 -0.816327
25.8163 -0.816327
26.7347 -0.816327
27.6531 -0.816327
28.5714 -0.816327
29.4898 -0.816327
30.4082 -0.816327
31.3265 -0.816327
32.2449 -0.816327
33.1633 -0.816327
34.0816 -0.816327
35 -0.816327
-10 -0.489796
-9.08163 -0.489796
-8.16327 -0.489796
-7.2449 -0.489796
-6.32653 -0.489796
-5.40816 -0.489796
-4.4898 -0.489796
-3.57143 -0.489796
-2.65306 -0.489796
-1.73469 -0.489796
-0.816327 -0.489796
0.102041 -0.489796
1.02041 -0.489796
1.93878 -0.489796
2.85714 -0.489796
3.77551 -0.489796
4.69388 -0.489796
5.61224 -0.489796
6.53061 -0.489796
7.44898 -0.489796
8.36735 -0.489796
9.28571 -0.489796
10.2041 -0.489796
11.1224 -0.489796
12.0408 -0.489796
12.9592 -0.489796
13.8776 -0.489796
14.7959 -0.489796
15.7143 -0.489796
16.6327 -0.489796
17.551 -0.489796
18.4694 -0.489796
19.3878 -0.489796
20.3061 -0.489796
21.2245 -0.489796
22.1429 -0.489796
23.0612 -0.489796
23.9796 -0.489796
24.898 -0.489796
25.8163 -0.489796
26.7347 -0.489796
27.6531 -0.489796
28.5714 -0.489796
29.4898 -0.489796
30.4082 -0.489796
31.3265 -0.489796
32.2449 -0.489796
33.1633 -0.489796
34.0816 -0.489796
35 -0.489796
-10 -0.163265
-9.08163 -0.163265
-8.16327 -0.163265
-7.2449 -0.163265
-6.32653 -0.163265
-5.40816 -0.163265
-4.4898 -0.163265
-3.57143 -0.163265
-2.65306 -0.163265
-1.73469 -0.163265
-0.816327 -0.163265
0.102041 -0.163265
1.02041 -0.163265
1.93878 -0.163265
2.85714 -0.163265
3.77551 -0.163265
4.69388 -0.163265
5.61224 -0.163265
6.53061 -0.163265
7.44898 -0.163265
8.36735 -0.163265
9.28571 -0.163265
10.2041 -0.163265
11.1224 -0.163265
12.0408 -0.163265
12.9592 -0.163265
13.8776 -0.163265
14.7959 -0.163265
15.7143 -0.163265
16.6327 -0.163265
17.551 -0.163265
18.4694 -0.163265
19.3878 -0.163265
20.3061 -0.163265
21.2245 -0.163265
22.1429 -0.163265
23.0612 -0.163265
23.9796 -0.163265
24.898 -0.163265
25.8163 -0.163265
26.7347 -0.163265
27.6531 -0.163265
28.5714 -0.163265
29.4898 -0.163265
30.4082 -0.163265
31.3265 -0.163265
32.2449 -0.163265
33.1633 -0.163265
34.0816 -0.163265
35 -0.163265
-10 0.163265
-9.08163 0.163265
-8.16327 0.163265
-7.2449 0.163265
-6.32653 0.163265
-5.40816 0.163265
-4.4898 0.163265
-3.57143 0.163265
-2.65306 0.163265
-1.73469 0.163265
-0.816327 0.163265
0.102041 0.163265
1.02041 0.163265
1.93878 0.163265
2.85714 0.163265
3.77551 0.163265
4.69388 0.163265
5.61224 0.163265
6.53061 0.163265
7.44898 0.163265
8.36735 0.163265
9.28571 0.163265
10.2041 0.163265
11.1224 0.163265
12.0408 0.163265
12.9592 0.163265
13.8776 0.163265
14.7959 0.163265
15.7143 0.163265
16.6327 0.163265
17.551 0.163265
18.4694 0.163265
19.3878 0.163265
20.3061 0.163265
21.2245 0.163265
22.1429 0.163265
23.0612 0.163265
23.9796 0.163265
24.898 0.163265
25.8163 0.163265
26.7347 0.163265
27.6531 0.163265
28.5714 0.163265
29.4898 0.163265
30.4082 0.163265
31.3265 0.163265
32.2449 0.163265
33.1633 0.163265
34.0816 0.163265
35 0.163265
-10 0.489796
-9.08163 0.489796
-8.16327 0.489796
-7.2449 0.489796
-6.32653 0.489796
-5.40816 0.489796
-4.4898 0.489796
-3.57143 0.489796
-2.65306 0.489796
-1.73469 0.489796
-0.816327 0.489796
0.102041 0.489796
1.02041 0.489796
1.93878 0.489796
2.85714 0.489796
3.77551 0.489796
4.69388 0.489796
5.61224 0.489796
6.53061 0.489796
7.44898 0.489796
8.36735 0.489796
9.28571 0.489796
10.2041 0.489796
11.1224 0.489796
12.0408 0.489796
12.9592 0.489796
13.8776 0.489796
14.7959 0.489796
15.7143 0.489796
16.6327 0.489796
17.551 0.489796
18.4694 0.489796
19.3878 0.489796
20.3061 0.489796
21.2245 0.489796
22.1429 0.489796
23.0612 0.489796
23.9796 0.489796
24.898 0.489796
25.8163 0.489796
26.7347 0.489796
27.6531 0.489796
28.5714 0.489796
29.4898 0.489796
30.4082 0.489796
31.3265 0.489796
32.2449 0.489796
33.1633 0.489796
34.0816 0.489796
35 0.489796
-10 0.816327
-9.08163 0.816327
-8.16327 0.816327
-7.2449 0.816327
-6.32653 0.816327
-5.40816 0.816327
-4.4898 0.816327
-3.57143 0.816327
-2.65306 0.816327
-1.73469 0.816327
-0.816327 0.816327
0.102041 0.816327
1.02041 0.816327
1.93878 0.816327
2.85714 0.816327
3.77551 0.816327
4.69388 0.816327
5.61224 0.816327
6.53061 0.816327
7.44898 0.816327
8.36735 0.816327
9.28571 0.816327
10.2041 0.816327
11.1224 0.816327
12.0408 0.816327
12.9592 0.816327
13.8776 0.816327
14.7959 0.816327
15.7143 0.816327
16.6327 0.816327
17.551 0.816327
18.4694 0.816327
19.3878 0.816327
20.3061 0.816327
21.2245 0.816327
22.1429 0.816327
23.0612 0.816327
23.9796 0.816327
24.898 0.816327
25.8163 0.816327
26.7347 0.816327
27.6531 0.816327
28.5714 0.816327
29.4898 0.816327
30.4082 0.816327
31.3265 0.816327
32.2449 0.816327
33.1633 0.816327
34.0816 0.816327
35 0.816327
-10 1.14286
-9.08163 1.14286
-8.16327 1.14286
-7.2449 1.14286
-6.32653 1.14286
-5.40816 1.14286
-4.4898 1.14286
-3.57143 1.14286
-2.65306 1.14286
-1.73469 1.14286
-0.816327 1.14286
0.102041 1.14286
1.02041 1.14286
1.93878 1.14286
2.85714 1.14286
3.77551 1.14286
4.69388 1.14286
5.61224 1.14286
6.53061 1.14286
7.44898 1.14286
8.36735 1.14286
9.28571 1.14286
10.2041 1.14286
11.1224 1.14286
12.0408 1.14286
12.9592 1.14286
13.8776 1.14286
14.7959 1.14286
15.7143 1.14286
16.6327 1.14286
17.551 1.14286
18.4694 1.14286
19.3878 1.14286
20.3061 1.14286
21.2245 1.14286
22.1429 1.14286
23.0612 1.14286
23.9796 1.14286
24.898 1.14286
25.8163 1.14286
26.7347 1.14286
27.6531 1.14286
28.5714 1.14286
29.4898 1.14286
30.4082 1.14286
31.3265 1.14286
32.2449 1.14286
33.1633 1.14286
34.0816 1.14286
35 1.14286
-10 1.46939
-9.08163 1.46939
-8.16327 1.46939
-7.2449 1.46939
-6.32653 1.46939
-5.40816 1.46939
-4.4898 1.46939
-3.57143 1.46939
-2.65306 1.46939
-1.73469 1.46939
-0.816327 1.46939
0.102041 1.46939
1.02041 1.46939
1.93878 1.46939
2.85714 1.46939
3.77551 1.46939
4.69388 1.46939
5.61224 1.46939
6.53061 1.46939
7.44898 1.46939
8.36735 1.46939
9.28571 1.46939
10.2041 1.46939
11.1224 1.46939
12.0408 1.46939
12.9592 1.46939
13.8776 1.46939
14.7959 1.46939
15.7143 1.46939
16.6327 1.46939
17.551 1.46939
18.4694 1.46939
19.3878 1.46939
20.3061 1.46939
21.2245 1.46939
22.1429 1.46939
23.0612 1.46939
23.9796 1.46939
24.898 1.46939
25.8163 1.46939
26.7347 1.46939
27.6531 1.46939
28.5714 1.46939
29.4898 1.46939
30.4082 1.46939
31.3265 1.46939
32.2449 1.46939
33.1633 1.46939
34.0816 1.46939
35 1.46939
-10 1.79592
-9.08163 1.79592
-8.16327 1.79592
-7.2449 1.79592
-6.32653 1.79592
-5.40816 1.79592
-4.4898 1.79592
-3.57143 1.79592
-2.65306 1.79592
-1.73469 1.79592
-0.816327 1.79592
0.102041 1.79592
1.02041 1.79592
1.93878 1.79592
2.85714 1.79592
3.77551 1.79592
4.69388 1.79592
5.61224 1.79592
6.53061 1.79592
7.44898 1.79592
8.36735 1.79592
9.28571 1.79592
10.2041 1.79592
11.1224 1.79592
12.0408 1.79592
12.9592 1.79592
13.8776 1.79592
14.7959 1.79592
15.7143 1.79592
16.6327 1.79592
17.551 1.79592
18.4694 1.79592
19.3878 1.79592
20.3061 1.79592
21.2245 1.79592
22.1429 1.79592
23.0612 1.79592
23.9796 1.79592
24.898 1.79592
25.8163 1.79592
26.7347 1.79592
27.6531 1.79592
28.5714 1.79592
29.4898 1.79592
30.4082 1.79592
31.3265 1.79592
32.2449 1.79592
33.1633 1.79592
34.0816 1.79592
35 1.79592
-10 2.12245
-9.08163 2.12245
-8.16327 2.12245
-7.2449 2.12245
-6.32653 2.12245
-5.40816 2.12245
-4.4898 2.12245
-3.57143 2.12245
-2.65306 2.12245
-1.73469 2.12245
-0.816327 2.12245
0.102041 2.12245
1.02041 2.12245
1.93878 2.12245
2.85714 2.12245
3.77551 2.12245
4.69388 2.12245
5.61224 2.12245
6.53061 2.12245
7.44898 2.12245
8.36735 2.12245
9.28571 2.12245
10.2041 2.12245
11.1224 2.12245
12.0408 2.12245
12.9592 2.12245
13.8776 2.12245
14.7959 2.12245
15.7143 2.12245
16.6327 2.12245
17.551 2.12245
18.4694 2.12245
19.3878 2.12245
20.3061 2.12245
21.2245 2.12245
22.1429 2.12245
23.0612 2.12245
23.9796 2.12245
24.898 2.12245
25.8163 2.12245
26.7347 2.12245
27.6531 2.12245
28.5714 2.12245
29.4898 2.12245
30.4082 2.12245
31.3265 2.12245
32.2449 2.12245
33.1633 2.12245
34.0816 2.12245
35 2.12245
-10 2.44898
-9.08163 2.44898
-8.16327 2.44898
-7.2449 2.44898
-6.32653 2.44898
-5.40816 2.44898
-4.4898 2.44898
-3.57143 2.44898
-2.65306 2.44898
-1.73469 2.44898
-0.816327 2.44898
0.102041 2.44898
1.02041 2.44898
1.93878 2.44898
2.85714 2.44898
3.77551 2.44898
4.69388 2.44898
5.61224 2.44898
6.53061 2.44898
7.44898 2.44898
8.36735 2.44898
9.28571 2.44898
10.2041 2.44898
11.1224 2.44898
12.0408 2.44898
12.9592 2.44898
13.8776 2.44898
14.7959 2.44898
15.7143 2.44898
16.6327 2.44898
17.551 2.44898
18.4694 2.44898
19.3878 2.44898
20.3061 2.44898
21.2245 2.44898
22.1429 2.44898
23.0612 2.44898
23.9796 2.44898
24.898 2.44898
25.8163 2.44898
26.7347 2.44898
27.6531 2.44898
28.5714 2.44898
29.4898 2.44898
30.4082 2.44898
31.3265 2.44898
32.2449 2.44898
33.1633 2.44898
34.0816 2.44898
35 2.44898
-10 2.77551
-9.08163 2.77551
-8.16327 2.77551
-7.2449 2.77551
-6.32653 2.77551
-5.40816 2.77551
-4.4898 2.77551
-3.57143 2.77551
-2.65306 2.77551
-1.73469 2.77551
-0.816327 2.77551
0.102041 2.77551
1.02041 2.77551
1.93878 2.77551
2.85714 2.77551
3.77551 2.77551
4.69388 2.77551
5.61224 2.77551
6.53061 2.77551
7.44898 2.77551
8.36735 2.77551
9.28571 2.77551
10.2041 2.77551
11.1224 2.77551
12.0408 2.77551
12.9592 2.77551
13.8776 2.77551
14.7959 2.77551
15.7143 2.77551
16.6327 2.77551
17.551 2.77551
18.4694 2.77551
19.3878 2.77551
20.3061 2.77551
21.2245 2.77551
22.1429 2.77551
23.0612 2.77551
23.9796 2.77551
24.898 2.77551
25.8163 2.77551
26.7347 2.77551
27.6531 2.77551
28.5714 2.77551
29.4898 2.77551
30.4082 2.77551
31.3265 2.77551
32.2449 2.77551
33.1633 2.77551
34.0816 2.77551
35 2.77551
-10 3.10204
-9.08163 3.10204
-8.16327 3.10204
-7.2449 3.10204
-6.32653 3.10204
-5.40816 3.10204
-4.4898 3.10204
-3.57143 3.10204
-2.65306 3.10204
-1.73469 3.10204
-0.816327 3.10204
0.102041 3.10204
1.02041 3.10204
1.93878 3.10204
2.85714 3.10204
3.77551 3.10204
4.69388 3.10204
5.61224 3.10204
6.53061 3.10204
7.44898 3.10204
8.36735 3.10204
9.28571 3.10204
10.2041 3.10204
11.1224 3.10204
12.0408 3.10204
12.9592 3.10204
13.8776 3.10204
14.7959 3.10204
15.7143 3.10204
16.6327 3.10204
17.551 3.10204
18.4694 3.10204
19.3878 3.10204
20.3061 3.10204
21.2245 3.10204
22.1429 3.10204
23.0612 3.10204
23.9796 3.10204
24.898 3.10204
25.8163 3.10204
26.7347 3.10204
27.6531 3.10204
28.5714 3.10204
29.4898 3.10204
30.4082 3.10204
31.3265 3.10204
32.2449 3.10204
33.1633 3.10204
34.0816 3.10204
35 3.10204
-10 3.42857
-9.08163 3.42857
-8.16327 3.42857
-7.2449 3.42857
-6.32653 3.42857
-5.40816 3.42857
-4.4898 3.42857
-3.57143 3.42857
-2.65306 3.42857
-1.73469 3.42857
-0.816327 3.42857
0.102041 3.42857
1.02041 3.42857
1.93878 3.42857
2.85714 3.42857
3.77551 3.42857
4.69388 3.42857
5.61224 3.42857
6.53061 3.42857
7.44898 3.42857
8.36735 3.42857
9.28571 3.42857
10.2041 3.42857
11.1224 3.42857
12.0408 3.42857
12.9592 3.42857
13.8776 3.42857
14.7959 3.42857
15.7143 3.42857
16.6327 3.42857
17.551 3.42857
18.4694 3.42857
19.3878 3.42857
20.3061 3.42857
21.2245 3.42857
22.1429 3.42857
23.0612 3.42857
23.9796 3.42857
24.898 3.42857
25.8163 3.42857
26.7347 3.42857
27.6531 3.42857
28.5714 3.42857
29.4898 3.42857
30.4082 3.42857
31.3265 3.42857
32.2449 3.42857
33.1633 3.42857
34.0816 3.42857
35 3.42857
-10 3.7551
-9.08163 3.7551
-8.16327 3.7551
-7.2449 3.7551
-6.32653 3.7551
-5.40816 3.7551
-4.4898 3.7551
-3.57143 3.7551
-2.65306 3.7551
-1.73469 3.7551
-0.816327 3.7551
0.102041 3.7551
1.02041 3.7551
1.93878 3.7551
2.85714 3.7551
3.77551 3.7551
4.69388 3.7551
5.61224 3.7551
6.53061 3.7551
7.44898 3.7551
8.36735 3.7551
9.28571 3.7551
10.2041 3.7551
11.1224 3.7551
12.0408 3.7551
12.9592 3.7551
13.8776 3.7551
14.7959 3.7551
15.7143 3.7551
16.6327 3.7551
17.551 3.7551
18.4694 3.7551
19.3878 3.7551
20.3061 3.7551
21.2245 3.7551
22.1429 3.7551
23.0612 3.7551
23.9796 3.7551
24.898 3.7551
25.8163 3.7551
26.7347 3.7551
27.6531 3.7551
28.5714 3.7551
29.4898 3.7551
30.4082 3.7551
31.3265 3.7551
32.2449 3.7551
33.1633 3.7551
34.0816 3.7551
35 3.7551
-10 4.08163
-9.08163 4.08163
-8.16327 4.08163
-7.2449 4.08163
-6.32653 4.08163
-5.40816 4.08163
-4.4898 4.08163
-3.57143 4.08163
-2.65306 4.08163
-1.73469 4.08163
-0.816327 4.08163
0.102041 4.08163
1.02041 4.08163
1.93878 4.08163
2.85714 4.08163
3.77551 4.08163
4.69388 4.08163
5.61224 4.08163
6.53061 4.08163
7.44898 4.08163
8.36735 4.08163
9.28571 4.08163
10.2041 4.08163
11.1224 4.08163
12.0408 4.08163
12.9592 4.08163
13.8776 4.08163
14.7959 4.08163
15.7143 4.08163
16.6327 4.08163
17.551 4.08163
18.4694 4.08163
19.3878 4.08163
20.3061 4.08163
21.2245 4.08163
22.1429 4.08163
23.0612 4.08163
23.9796 4.08163
24.898 4.08163
25.8163 4.08163
26.7347 4.08163
27.6531 4.08163
28.5714 4.08163
29.4898 4.08163
30.4082 4.08163
31.3265 4.08163
32.2449 4.08163
33.1633 4.08163
34.0816 4.08163
35 4.08163
-10 4.40816
-9.08163 4.40816
-8.16327 4.40816
-7.2449 4.40816
-6.32653 4.40816
-5.40816 4.40816
-4.4898 4.40816
-3.57143 4.40816
-2.65306 4.40816
-1.73469 4.40816
-0.816327 4.40816
0.102041 4.40816
1.02041 4.40816
1.93878 4.40816
2.85714 4.40816
3.77551 4.40816
4.69388 4.40816
5.61224 4.40816
6.53061 4.40816
7.44898 4.40816
8.36735 4.40816
9.28571 4.40816
10.2041 4.40816
11.1224 4.40816
12.0408 4.40816
12.9592 4.40816
13.8776 4.40816
14.7959 4.40816
15.7143 4.40816
16.6327 4.40816
17.551 4.40816
18.4694 4.40816
19.3878 4.40816
20.3061 4.40816
21.2245 4.40816
22.1429 4.40816
23.0612 4.40816
23.9796 4.40816
24.898 4.40816
25.8163 4.40816
26.7347 4.40816
27.6531 4.40816
28.5714 4.40816
29.4898 4.40816
30.4082 4.40816
31.3265 4.40816
32.2449 4.40816
33.1633 4.40816
34.0816 4.40816
35 4.40816
-10 4.73469
-9.08163 4.73469
-8.16327 4.73469
-7.2449 4.73469
-6.32653 4.73469
-5.40816 4.73469
-4.4898 4.73469
-3.57143 4.73469
-2.65306 4.73469
-1.73469 4.73469
-0.816327 4.73469
0.102041 4.73469
1.02041 4.73469
1.93878 4.73469
2.85714 4.73469
3.77551 4.73469
4.69388 4.73469
5.61224 4.73469
6.53061 4.73469
7.44898 4.73469
8.36735 4.73469
9.28571 4.73469
10.2041 4.73469
11.1224 4.73469
12.0408 4.73469
12.9592 4.73469
13.8776 4.73469
14.7959 4.73469
15.7143 4.73469
16.6327 4.73469
17.551 4.73469
18.4694 4.73469
19.3878 4.73469
20.3061 4.73469
21.2245 4.73469
22.1429 4.73469
23.0612 4.73469
23.9796 4.73469
24.898 4.73469
25.8163 4.73469
26.7347 4.73469
27.6531 4.73469
28.5714 4.73469
29.4898 4.73469
30.4082 4.73469
31.3265 4.73469
32.2449 4.73469
33.1633 4.73469
34.0816 4.73469
35 4.73469
-10 5.06122
-9.08163 5.06122
-8.16327 5.06122
-7.2449 5.06122
-6.32653 5.06122
-5.40816 5.06122
-4.4898 5.06122
-3.57143 5.06122
-2.65306 5.06122
-1.73469 5.06122
-0.816327 5.06122
0.102041 5.06122
1.02041 5.06122
1.93878 5.06122
2.85714 5.06122
3.77551 5.06122
4.69388 5.06122
5.61224 5.06122
6.53061 5.06122
7.44898 5.06122
8.36735 5.06122
9.28571 5.06122
10.2041 5.06122
11.1224 5.06122
12.0408 5.06122
12.9592 5.06122
13.8776 5.06122
14.7959 5.06122
15.7143 5.06122
16.6327 5.06122
17.551 5.06122
18.4694 5.06122
19.3878 5.06122
20.3061 5.06122
21.2245 5.06122
22.1429 5.06122
23.0612 5.06122
23.9796 5.06122
24.898 5.06122
25.8163 5.06122
26.7347 5.06122
27.6531 5.06122
28.5714 5.06122
29.4898 5.06122
30.4082 5.06122
31.3265 5.06122
32.2449 5.06122
33.1633 5.06122
34.0816 5.06122
35 5.06122
-10 5.38776
-9.08163 5.38776
-8.16327 5.38776
-7.2449 5.38776
-6.32653 5.38776
-5.40816 5.38776
-4.4898 5.38776
-3.57143 5.38776
-2.65306 5.38776
-1.73469 5.38776
-0.816327 5.38776
0.102041 5.38776
1.02041 5.38776
1.93878 5.38776
2.85714 5.38776
3.77551 5.38776
4.69388 5.38776
5.61224 5.38776
6.53061 5.38776
7.44898 5.38776
8.36735 5.38776
9.28571 5.38776
10.2041 5.38776
11.1224 5.38776
12.0408 5.38776
12.9592 5.38776
13.8776 5.38776
14.7959 5.38776
15.7143 5.38776
16.6327 5.38776
17.551 5.38776
18.4694 5.38776
19.3878 5.38776
20.3061 5.38776
21.2245 5.38776
22.1429 5.38776
23.0612 5.38776
23.9796 5.38776
24.898 5.38776
25.8163 5.38776
26.7347 5.38776
27.6531 5.38776
28.5714 5.38776
29.4898 5.38776
30.4082 5.38776
31.3265 5.38776
32.2449 5.38776
33.1633 5.38776
34.0816 5.38776
35 5.38776
-10 5.71429
-9.08163 5.71429
-8.16327 5.71429
-7.2449 5.71429
-6.32653 5.71429
-5.40816 5.71429
-4.4898 5.71429
-3.57143 5.71429
-2.65306 5.71429
-1.73469 5.71429
-0.816327 5.71429
0.102041 5.71429
1.02041 5.71429
1.93878 5.71429
2.85714 5.71429
3.77551 5.71429
4.69388 5.71429
5.61224 5.71429
6.53061 5.71429
7.44898 5.71429
8.36735 5.71429
9.28571 5.71429
10.2041 5.71429
11.1224 5.71429
12.0408 5.71429
12.9592 5.71429
13.8776 5.71429
14.7959 5.71429
15.7143 5.71429
16.6327 5.71429
17.551 5.71429
18.4694 5.71429
19.3878 5.71429
20.3061 5.71429
21.2245 5.71429
22.1429 5.71429
23.0612 5.71429
23.9796 5.71429
24.898 5.71429
25.8163 5.71429
26.7347 5.71429
27.6531 5.71429
28.5714 5.71429
29.4898 5.71429
30.4082 5.71429
31.3265 5.71429
32.2449 5.71429
33.1633 5.71429
34.0816 5.71429
35 5.71429
-10 6.04082
-9.08163 6.04082
-8.16327 6.04082
-7.2449 6.04082
-6.32653 6.04082
-5.40816 6.04082
-4.4898 6.04082
-3.57143 6.04082
-2.65306 6.04082
-1.73469 6.04082
-0.816327 6.04082
0.102041 6.04082
1.02041 6.04082
1.93878 6.04082
2.85714 6.04082
3.77551 6.04082
4.69388 6.04082
5.61224 6.04082
6.53061 6.04082
7.44898 6.04082
8.36735 6.04082
9.28571 6.04082
10.2041 6.04082
11.1224 6.04082
12.0408 6.04082
12.9592 6.04082
13.8776 6.04082
14.7959 6.04082
15.7143 6.04082
16.6327 6.04082
17.551 6.04082
18.4694 6.04082
19.3878 6.04082
20.3061 6.04082
21.2245 6.04082
22.1429 6.04082
23.0612 6.04082
23.9796 6.04082
24.898 6.04082
25.8163 6.04082
26.7347 6.04082
27.6531 6.04082
28.5714 6.04082
29.4898 6.04082
30.4082 6.04082
31.3265 6.04082
32.2449 6.04082
33.1633 6.04082
34.0816 6.04082
35 6.04082
-10 6.36735
-9.08163 6.36735
-8.16327 6.36735
-7.2449 6.36735
-6.32653 6.36735
-5.40816 6.36735
-4.4898 6.36735
-3.57143 6.36735
-2.65306 6.36735
-1.73469 6.36735
-0.816327 6.36735
0.102041 6.36735
1.02041 6.36735
1.93878 6.36735
2.85714 6.36735
3.77551 6.36735
4.69388 6.36735
5.61224 6.36735
6.53061 6.36735
7.44898 6.36735
8.36735 6.36735
9.28571 6.36735
10.2041 6.36735
11.1224 6.36735
12.0408 6.36735
12.9592 6.36735
13.8776 6.36735
14.7959 6.36735
15.7143 6.36735
16.6327 6.36735
17.551 6.36735
18.4694 6.36735
19.3878 6.36735
20.3061 6.36735
21.2245 6.36735
22.1429 6.36735
23.0612 6.36735
23.9796 6.36735
24.898 6.36735
25.8163 6.36735
26.7347 6.36735
27.6531 6.36735
28.5714 6.36735
29.4898 6.36735
30.4082 6.36735
31.3265 6.36735
32.2449 6.36735
33.1633 6.36735
34.0816 6.36735
35 6.36735
-10 6.69388
-9.08163 6.69388
-8.16327 6.69388
-7.2449 6.69388
-6.32653 6.69388
-5.40816 6.69388
-4.4898 6.69388
-3.57143 6.69388
-2.65306 6.69388
-1.73469 6.69388
-0.816327 6.69388
0.102041 6.69388
1.02041 6.69388
1.93878 6.69388
2.85714 6.69388
3.77551 6.69388
4.69388 6.69388
5.61224 6.69388
6.53061 6.69388
7.44898 6.69388
8.36735 6.69388
9.28571 6.69388
10.2041 6.69388
11.1224 6.69388
12.0408 6.69388
12.9592 6.69388
13.8776 6.69388
14.7959 6.69388
15.7143 6.69388
16.6327 6.69388
17.551 6.69388
18.4694 6.69388
19.3878 6.69388
20.3061 6.69388
21.2245 6.69388
22.1429 6.69388
23.0612 6.69388
23.9796 6.69388
24.898 6.69388
25.8163 6.69388
26.7347 6.69388
27.6531 6.69388
28.5714 6.69388
29.4898 6.69388
30.4082 6.69388
31.3265 6.69388
32.2449 6.69388
33.1633 6.69388
34.0816 6.69388
35 6.69388
-10 7.02041
-9.08163 7.02041
-8.16327 7.02041
-7.2449 7.02041
-6.32653 7.02041
-5.40816 7.02041
-4.4898 7.02041
-3.57143 7.02041
-2.65306 7.02041
-1.73469 7.02041
-0.816327 7.02041
0.102041 7.02041
1.02041 7.02041
1.93878 7.02041
2.85714 7.02041
3.77551 7.02041
4.69388 7.02041
5.61224 7.02041
6.53061 7.02041
7.44898 7.02041
8.36735 7.02041
9.28571 7.02041
10.2041 7.02041
11.1224 7.02041
12.0408 7.02041
12.9592 7.02041
13.8776 7.02041
14.7959 7.02041
15.7143 7.02041
16.6327 7.02041
17.551 7.02041
18.4694 7.02041
19.3878 7.02041
20.3061 7.02041
21.2245 7.02041
22.1429 7.02041
23.0612 7.02041
23.9796 7.02041
24.898 7.02041
25.8163 7.02041
26.7347 7.02041
27.6531 7.02041
28.5714 7.02041
29.4898 7.02041
30.4082 7.02041
31.3265 7.02041
32.2449 7.02041
33.1633 7.02041
34.0816 7.02041
35 7.02041
-10 7.34694
-9.08163 7.34694
-8.16327 7.34694
-7.2449 7.34694
-6.32653 7.34694
-5.40816 7.34694
-4.4898 7.34694
-3.57143 7.34694
-2.65306 7.34694
-1.73469 7.34694
-0.816327 7.34694
0.102041 7.34694
1.02041 7.34694
1.93878 7.34694
2.85714 7.34694
3.77551 7.34694
4.69388 7.34694
5.61224 7.34694
6.53061 7.34694
7.44898 7.34694
8.36735 7.34694
9.28571 7.34694
10.2041 7.34694
11.1224 7.34694
12.0408 7.34694
12.9592 7.34694
13.8776 7.34694
14.7959 7.34694
15.7143 7.34694
16.6327 7.34694
17.551 7.34694
18.4694 7.34694
19.3878 7.34694
20.3061 7.34694
21.2245 7.34694
22.1429 7.34694
23.0612 7.34694
23.9796 7.34694
24.898 7.34694
25.8163 7.34694
26.7347 7.34694
27.6531 7.34694
28.5714 7.34694
29.4898 7.34694
30.4082 7.34694
31.3265 7.34694
32.2449 7.34694
33.1633 7.34694
34.0816 7.34694
35 7.34694
-10 7.67347
-9.08163 7.67347
-8.16327 7.67347
-7.2449 7.67347
-6.32653 7.67347
-5.40816 7.67347
-4.4898 7.67347
-3.57143 7.67347
-2.65306 7.67347
-1.73469 7.67347
-0.816327 7.67347
0.102041 7.67347
1.02041 7.67347
1.93878 7.67347
2.85714 7.67347
3.77551 7.67347
4.69388 7.67347
5.61224 7.67347
6.53061 7.67347
7.44898 7.67347
8.36735 7.67347
9.28571 7.67347
10.2041 7.67347
11.1224 7.67347
12.0408 7.67347
12.9592 7.67347
13.8776 7.67347
14.7959 7.67347
15.7143 7.67347
16.6327 7.67347
17.551 7.67347
18.4694 7.67347
19.3878 7.67347
20.3061 7.67347
21.2245 7.67347
22.1429 7.67347
23.0612 7.67347
23.9796 7.67347
24.898 7.67347
25.8163 7.67347
26.7347 7.67347
27.6531 7.67347
28.5714 7.67347
29.4898 7.67347
30.4082 7.67347
31.3265 7.67347
32.2449 7.67347
33.1633 7.67347
34.0816 7.67347
35 7.67347
-10 8
-9.08163 8
-8.16327 8
-7.2449 8
-6.32653 8
-5.40816 8
-4.4898 8
-3.57143 8
-2.65306 8
-1.73469 8
-0.816327 8
0.102041 8
1.02041 8
1.93878 8
2.85714 8
3.77551 8
4.69388 8
5.61224 8
6.53061 8
7.44898 8
8.36735 8
9.28571 8
10.2041 8
11.1224 8
12.0408 8
12.9592 8
13.8776 8
14.7959 8
15.7143 8
16.6327 8
17.551 8
18.4694 8
19.3878 8
20.3061 8
21.2245 8
22.1429 8
23.0612 8
23.9796 8
24.898 8
25.8163 8
26.7347 8
27.6531 8
28.5714 8
29.4898 8
30.4082 8
31.3265 8
32.2449 8
33.1633 8
34.0816 8
35 8
