-15.7826 -15.7826
-15.5354 -16.026
-15.2766 -16.2729
-15.0057 -16.5231
-14.722 -16.7763
-14.4252 -17.0322
-14.1146 -17.2904
-13.7898 -17.5506
-13.4501 -17.8123
-13.0951 -18.0749
-12.7242 -18.3378
-12.3371 -18.6005
-11.9212 -18.8498
-11.4713 -19.0772
-11.0023 -19.2957
-10.5143 -19.5037
-10.0079 -19.6997
-9.48414 -19.8821
-8.94415 -20.0499
-8.38957 -20.2021
-7.82237 -20.3383
-7.24471 -20.4586
-6.65892 -20.5638
-6.06728 -20.6554
-5.47178 -20.7357
-4.87396 -20.8074
-4.27467 -20.8735
-3.67399 -20.937
-3.07119 -21.0005
-2.46485 -21.0657
-1.85316 -21.1332
-1.23424 -21.2024
-0.606519 -21.2712
0.0309611 -21.3367
0.678285 -21.3954
1.3346 -21.4431
1.99816 -21.4762
2.66649 -21.4912
3.3366 -21.4854
4.00524 -21.4572
4.66912 -21.4054
5.3251 -21.3299
5.97032 -21.231
6.60227 -21.1098
7.21888 -20.9676
7.81846 -20.8061
8.39972 -20.6271
8.96172 -20.4325
9.48393 -20.2049
9.98181 -19.9636
-16.0097 -15.5523
-15.766 -15.7992
-15.5106 -16.0501
-15.0798 -15.544
-14.826 -15.2229
-14.6849 -15.3021
-14.5147 -15.8362
-14.1809 -16.7436
-13.698 -17.6223
-13.3438 -17.892
-12.9732 -18.1625
-12.5757 -18.424
-12.1385 -18.662
-11.6806 -18.8917
-11.2018 -19.1113
-10.7025 -19.3188
-10.1833 -19.5124
-9.6452 -19.6902
-9.08977 -19.8507
-8.51903 -19.9926
-7.93548 -20.1154
-7.34201 -20.2194
-6.74173 -20.3056
-6.13774 -20.3763
-5.53279 -20.4349
-4.92896 -20.4854
-4.32729 -20.5326
-3.72762 -20.5812
-3.12848 -20.6353
-2.52732 -20.6979
-1.92088 -20.7701
-1.30575 -20.8511
-0.678985 -20.9381
-0.0386137 -21.0268
0.61601 -21.1118
1.28409 -21.1872
1.96351 -21.2476
2.65107 -21.2882
3.34291 -21.3053
4.0348 -21.2963
4.72257 -21.26
5.40227 -21.1962
6.07041 -21.1054
6.724 -20.9891
7.36062 -20.8489
7.97839 -20.6869
8.57592 -20.5055
9.15225 -20.3069
9.7068 -20.0933
10.2146 -19.8455
-16.2398 -15.3118
-15.281 -14.0995
-14.5699 -12.593
-14.2994 -11.129
-14.503 -10.1362
-14.9986 -10.0027
-15.443 -10.8647
-15.5131 -12.5218
-15.0709 -14.5591
-14.1863 -16.563
-13.2251 -17.9729
-12.8027 -18.2211
-12.3582 -18.4619
-11.8911 -18.6933
-11.4012 -18.9131
-10.8888 -19.1189
-10.3544 -19.3082
-9.79932 -19.4787
-9.22538 -19.6283
-8.63511 -19.7552
-8.03175 -19.8588
-7.41918 -19.939
-6.80166 -19.9975
-6.18353 -20.0374
-5.56876 -20.0635
-4.96031 -20.082
-4.35968 -20.1
-3.76643 -20.125
-3.17805 -20.1637
-2.59024 -20.2208
-1.9975 -20.2984
-1.39404 -20.3955
-0.774765 -20.5081
-0.136144 -20.6296
0.523265 -20.7519
1.20268 -20.8664
1.8993 -20.9652
2.60882 -21.0414
3.32599 -21.0899
4.04524 -21.1074
4.76109 -21.0923
5.46854 -21.0445
6.16329 -20.9651
6.84176 -20.8558
7.50117 -20.7191
8.13941 -20.5577
8.75503 -20.3743
9.3471 -20.1719
9.91513 -19.9531
10.457 -19.7189
-14.7868 -12.6522
-13.2976 -10.038
-12.3357 -6.75242
-12.3462 -3.37084
-13.4979 -0.874503
-15.3984 -0.247257
-17.1909 -1.85087
-18.0787 -5.15687
-17.7907 -9.13141
-16.579 -12.8549
-14.8713 -15.819
-13.0819 -17.9493
-12.5798 -18.2491
-12.1022 -18.4816
-11.5994 -18.7006
-11.0715 -18.9032
-10.519 -19.086
-9.94337 -19.2461
-9.34671 -19.3804
-8.7322 -19.4866
-8.10404 -19.5631
-7.46744 -19.6098
-6.82834 -19.6287
-6.193 -19.6238
-5.56728 -19.6019
-4.95574 -19.5723
-4.36075 -19.5458
-3.78166 -19.5341
-3.21449 -19.5478
-2.65227 -19.5948
-2.08595 -19.6788
-1.50595 -19.7985
-0.903821 -19.9477
-0.273632 -20.1164
0.387168 -20.2923
1.07763 -20.4625
1.79376 -20.6152
2.52943 -20.7409
3.27728 -20.8325
4.02969 -20.8859
4.77941 -20.8994
5.52003 -20.8732
6.24621 -20.8089
6.95371 -20.7094
7.63934 -20.5779
8.30084 -20.4179
8.93673 -20.2332
9.5462 -20.0271
10.1289 -19.8031
10.685 -19.564
-11.9092 -8.85699
-9.23095 -3.78267
-7.44477 3.07112
-7.74785 10.6976
-10.8667 16.7878
-15.9989 18.649
-20.8623 15.2204
-23.3741 8.03825
-23.0914 -0.133693
-20.9052 -7.20877
-17.9889 -12.4223
-15.1512 -15.9021
-12.8029 -18.0232
-12.3132 -18.2562
-11.7952 -18.4735
-11.2489 -18.6712
-10.6745 -18.8453
-10.0736 -18.9913
-9.44852 -19.1052
-8.80318 -19.1832
-8.14298 -19.2227
-7.47494 -19.2229
-6.8074 -19.1857
-6.14952 -19.1163
-5.51025 -19.0242
-4.89691 -18.9226
-4.31359 -18.8283
-3.75972 -18.7594
-3.22928 -18.7332
-2.71114 -18.7628
-2.19058 -18.8545
-1.6519 -19.0066
-1.08126 -19.2095
-0.469057 -19.4474
0.188748 -19.7011
0.890603 -19.9512
1.63035 -20.1803
2.39879 -20.3748
3.1853 -20.5255
3.97924 -20.6273
4.77088 -20.6787
5.55198 -20.6807
6.31593 -20.6362
7.05775 -20.5495
7.77389 -20.425
8.46202 -20.2676
9.12078 -20.0818
9.74957 -19.8722
10.3483 -19.6427
10.9175 -19.3969
-6.69909 -3.79017
-1.22965 5.60542
3.1523 19.707
3.226 37.2506
-3.98592 52.7418
-17.1278 58.0403
-29.4822 49.5865
-35.0982 32.4749
-33.781 14.7715
-28.8114 1.08051
-23.188 -7.97439
-18.3392 -13.4646
-14.6114 -16.6387
-12.5234 -18.0171
-11.9876 -18.2317
-11.4191 -18.423
-10.8181 -18.5857
-10.1857 -18.7136
-9.52447 -18.8009
-8.83912 -18.8418
-8.13642 -18.8317
-7.42574 -18.7682
-6.71885 -18.6526
-6.0293 -18.4909
-5.37099 -18.2958
-4.75606 -18.0865
-4.19204 -17.8884
-3.6792 -17.7303
-3.20875 -17.6403
-2.76305 -17.6403
-2.31814 -17.7417
-1.84817 -17.9419
-1.3305 -18.2253
-0.749856 -18.5665
-0.100338 -18.9351
0.614875 -19.301
1.3856 -19.6387
2.19749 -19.9291
3.03479 -20.1604
3.88243 -20.3268
4.72727 -20.4277
5.55871 -20.4661
6.36871 -20.4468
7.15157 -20.3761
7.90352 -20.2606
8.62235 -20.1066
9.30701 -19.9202
9.95731 -19.7069
10.5737 -19.4717
11.157 -19.2188
2.14693 2.33128
14.0246 18.8732
26.3387 47.6117
30.9028 89.7164
15.5423 132.943
-19.8845 149.445
-52.5222 124.829
-63.1165 79.3206
-55.9187 38.9534
-43.0937 12.424
-31.5283 -2.74311
-22.9878 -10.9136
-17.1495 -15.2262
-13.2527 -17.4944
-12.1754 -17.9755
-11.5804 -18.159
-10.9466 -18.3077
-10.2747 -18.4132
-9.56711 -18.467
-8.82902 -18.4601
-8.06875 -18.3847
-7.29858 -18.2352
-6.53498 -18.0107
-5.79804 -17.7174
-5.10973 -17.3713
-4.49057 -16.9998
-3.95486 -16.6415
-3.50558 -16.3423
-3.13048 -16.1492
-2.80161 -16.0997
-2.47947 -16.2136
-2.12095 -16.4874
-1.68876 -16.8949
-1.15875 -17.3936
-0.523099 -17.9343
0.211093 -18.4703
1.02611 -18.9634
1.89889 -19.3877
2.80561 -19.7284
3.72473 -19.9803
4.63855 -20.1453
5.53363 -20.2294
6.40046 -20.2413
7.23282 -20.1901
8.02706 -20.0853
8.78141 -19.9354
9.49546 -19.7484
10.1697 -19.5312
10.8053 -19.2898
11.4037 -19.0292
15.9674 8.32106
41.7006 35.1412
77.3355 91.7728
106.725 197.535
80.3912 336.623
-28.9163 399.229
-125.425 309.512
-135.698 170.85
-102.07 75.2734
-67.7859 25.6844
-43.9902 2.17685
-29.2177 -8.85356
-20.2936 -14.1302
-14.8611 -16.7233
-12.3579 -17.7057
-11.731 -17.8803
-11.057 -18.0126
-10.3354 -18.0915
-9.56798 -18.1044
-8.75973 -18.0376
-7.92032 -17.8777
-7.06534 -17.6135
-6.21741 -17.2392
-5.40625 -16.7586
-4.6667 -16.1906
-4.03396 -15.5729
-3.53564 -14.9639
-3.18184 -14.4384
-2.95668 -14.0755
-2.81571 -13.9418
-2.69252 -14.073
-2.5137 -14.4635
-2.21676 -15.0677
-1.76375 -15.8125
-1.14586 -16.6162
-0.379236 -17.4047
0.504216 -18.1219
1.46659 -18.7329
2.47144 -19.2214
3.48803 -19.5853
4.49286 -19.8316
5.46939 -19.9723
6.40694 -20.0215
7.29932 -19.9931
8.14361 -19.9003
8.93908 -19.7548
9.68647 -19.5668
10.3874 -19.345
11.0439 -19.0965
11.6585 -18.8275
34.8789 11.3914
86.9281 48.559
185.061 148.604
332.918 415.288
358.641 958.536
-72.678 1295.77
-416.862 834.51
-335.67 339.681
-193.509 118.057
-106.232 35.6584
-60.4145 4.45174
-36.5458 -8.19433
-23.72 -13.6962
-16.5305 -16.2445
-12.5346 -17.4235
-11.8698 -17.5887
-11.1467 -17.7031
-10.3628 -17.7516
-9.518 -17.7162
-8.6161 -17.5763
-7.66703 -17.3097
-6.68948 -16.8951
-5.71354 -16.3165
-4.78238 -15.5704
-3.95116 -14.6749
-3.28076 -13.6798
-2.82484 -12.6726
-2.61092 -11.7756
-2.62155 -11.1267
-2.78557 -10.8469
-2.98838 -11.0033
-3.10113 -11.5866
-3.01671 -12.5131
-2.67574 -13.6528
-2.07262 -14.866
-1.2438 -16.0343
-0.248125 -17.0761
0.851233 -17.9473
1.99852 -18.6339
3.15047 -19.1423
4.27682 -19.4898
5.35833 -19.6984
6.38417 -19.7906
7.34938 -19.7875
8.25283 -19.7074
9.09577 -19.5659
9.88078 -19.3759
10.6111 -19.1483
11.2903 -18.8917
11.922 -18.6133
55.4468 7.65122
146.06 45.2152
376.033 176.133
1002.65 737.391
2132 3328.52
-504.974 6820.01
-1991.6 2498.74
-857.766 545.756
-343.677 132.476
-154.198 31.5103
-77.7682 1.07555
-43.5356 -9.76852
-26.7949 -14.1604
-17.9828 -16.1288
-13.0183 -17.0825
-11.9964 -17.2869
-11.2139 -17.383
-10.3525 -17.3987
-9.40831 -17.3088
-8.3817 -17.0828
-7.28056 -16.685
-6.12484 -16.0771
-4.9522 -15.224
-3.8234 -14.1036
-2.82445 -12.724
-2.06073 -11.1439
-1.63701 -9.49168
-1.62195 -7.96888
-2.0059 -6.82236
-2.67453 -6.28106
-3.42333 -6.4771
-4.0171 -7.39296
-4.2666 -8.86805
-4.08026 -10.6603
-3.46907 -12.5251
-2.5148 -14.2719
-1.32755 -15.7854
-0.0129116 -17.0172
1.34484 -17.966
2.68678 -18.6571
3.97623 -19.1271
5.19322 -19.4143
6.32912 -19.5542
7.38232 -19.5774
8.35531 -19.5092
9.25263 -19.3701
10.0797 -19.1765
10.8423 -18.9413
11.5458 -18.675
12.1953 -18.3858
69.6109 -4.61386
193.361 12.0471
577.17 82.221
2267.53 547.448
16920.9 8768.7
-40813.1 190367
-10510 4436.99
-1698.56 358.821
-491.005 56.218
-191.304 4.42193
-89.6257 -9.04753
-48.0232 -13.5851
-28.7321 -15.436
-18.9136 -16.3203
-13.4994 -16.7969
-12.1115 -16.9784
-11.2584 -17.0577
-10.3019 -17.0405
-9.23156 -16.8927
-8.04048 -16.5698
-6.72971 -16.0167
-5.31549 -15.1677
-3.83967 -13.9527
-2.38249 -12.3105
-1.07401 -10.2156
-0.0945277 -7.71957
0.351069 -4.99987
0.0979622 -2.38893
-0.883551 -0.341698
-2.41146 0.687495
-4.10501 0.424308
-5.51307 -1.09628
-6.28859 -3.54623
-6.29632 -6.45364
-5.6031 -9.37785
-4.39176 -12.0147
-2.86944 -14.2132
-1.21095 -15.9396
0.460522 -17.2284
2.06983 -18.144
3.57778 -18.7566
4.96867 -19.1305
6.24064 -19.3198
7.39914 -19.368
8.45293 -19.309
9.41181 -19.1693
10.2854 -18.9691
11.0827 -18.724
11.8117 -18.446
12.4796 -18.1443
69.3655 -20.982
193.108 -38.177
576.909 -108.902
2267.26 -574.696
16920.7 -8796.54
-40813.3 -190395
-10510.3 -4466.03
-1698.84 -388.446
-491.281 -86.4361
-191.577 -35.2297
-89.8921 -22.3394
-48.2776 -18.3611
-28.9674 -17.0365
-19.1203 -16.6282
-13.6647 -16.5535
-12.218 -16.6676
-11.2824 -16.7341
-10.2115 -16.6878
-8.98413 -16.4833
-7.57974 -16.0586
-5.98403 -15.331
-4.19858 -14.1934
-2.25794 -12.5162
-0.255442 -10.1603
1.62458 -7.01546
3.08239 -3.07477
3.72007 1.45128
3.14838 6.02509
1.19955 9.78409
-1.84964 11.7752
-5.25288 11.3875
-8.08862 8.69783
-9.69176 4.42595
-9.88798 -0.457897
-8.91234 -5.1421
-7.17339 -9.1568
-5.05841 -12.3426
-2.84766 -14.7335
-0.709034 -16.4495
1.27418 -17.6292
3.07185 -18.3991
4.68306 -18.8619
6.12082 -19.0974
7.4033 -19.1655
8.54941 -19.1106
9.57673 -18.9655
10.5007 -18.7547
11.3348 -18.4963
12.0901 -18.2039
12.7763 -17.8878
54.7111 -33.2188
145.301 -71.3156
375.251 -202.783
1001.84 -764.607
2131.17 -3356.32
-505.829 -6848.41
-1992.43 -2527.74
-858.596 -575.349
-344.507 -162.661
-155.019 -62.2868
-78.5684 -32.433
-44.3002 -22.1509
-27.5029 -18.2892
-18.6059 -16.8024
-13.5182 -16.2581
-12.3208 -16.3589
-11.2917 -16.4201
-10.087 -16.3534
-8.66906 -16.1011
-6.99489 -15.5801
-5.02069 -14.672
-2.71257 -13.2103
-0.0701679 -10.9705
2.82895 -7.67104
5.75727 -3.01189
8.2477 3.20918
9.54541 10.8562
8.73914 19.1205
5.21917 26.3323
-0.662815 30.3588
-7.35048 29.7163
-12.8044 24.5919
-15.6847 16.708
-15.879 8.18078
-14.1132 0.519101
-11.2966 -5.62493
-8.13325 -10.2058
-5.04084 -13.4583
-2.2149 -15.6843
0.282588 -17.1551
2.45693 -18.0839
4.34132 -18.6279
5.97649 -18.8992
7.40159 -18.9772
8.65071 -18.9177
9.75233 -18.7604
10.7297 -18.5336
11.6016 -18.2577
12.3832 -17.9479
13.0872 -17.6151
33.6545 -36.9026
85.6654 -74.6007
183.76 -175.193
331.576 -442.44
357.26 -986.27
-74.0877 -1324.1
-418.251 -863.44
-337.053 -369.208
-194.892 -148.178
-107.602 -66.3722
-61.7516 -35.7497
-37.8251 -23.6709
-24.9073 -18.7072
-17.5791 -16.6515
-13.3812 -15.8969
-12.4274 -16.0566
-11.2962 -16.1238
-9.94052 -16.0519
-8.29956 -15.771
-6.29605 -15.1755
-3.8359 -14.1046
-0.814773 -12.3149
2.85826 -9.44283
7.1996 -4.96674
12.0199 1.79697
16.6929 11.5713
19.872 24.6905
19.4577 40.2095
13.4552 54.9093
1.94805 63.6566
-11.5723 62.4275
-22.0999 51.7421
-26.7951 36.184
-26.1653 20.6674
-22.3614 7.91782
-17.3673 -1.46123
-12.3729 -7.93481
-7.90029 -12.2376
-4.0883 -15.024
-0.903619 -16.782
1.74552 -17.849
3.958 -18.4511
5.82088 -18.7383
7.40488 -18.8102
8.76538 -18.7339
9.94514 -18.5551
10.9771 -18.3055
11.8867 -18.0073
12.6938 -17.6765
13.414 -17.3246
14.2571 -33.7478
39.9366 -61.0948
75.5169 -118.27
104.851 -224.592
78.4607 -364.257
-30.8792 -427.454
-127.38 -338.334
-137.635 -200.279
-104.009 -105.297
-69.7073 -56.3032
-45.869 -33.3847
-31.0192 -22.9292
-21.971 -18.2022
-16.3504 -16.1183
-13.5715 -15.5831
-12.5482 -15.7639
-11.3105 -15.8524
-9.79233 -15.7974
-7.90255 -15.5194
-5.51572 -14.8925
-2.46072 -13.7136
1.48877 -11.6514
6.61046 -8.16282
13.1836 -2.36533
21.314 7.11767
30.4815 22.2136
38.6414 44.9163
41.1957 75.3226
31.8187 107.746
8.20497 128.849
-21.153 126.06
-42.1591 101.081
-48.6002 67.8556
-44.2698 38.4559
-35.4305 17.0864
-26.1346 3.01296
-18.0366 -5.83498
-11.4824 -11.284
-6.31402 -14.6003
-2.25073 -16.587
0.970776 -17.7379
3.56031 -18.3554
5.67477 -18.6269
7.42856 -18.6701
8.90461 -18.5611
10.1632 -18.3496
11.2488 -18.0693
12.1942 -17.7433
13.0245 -17.3878
13.7588 -17.0142
-0.0453739 -27.6457
11.7634 -44.7097
24.0073 -73.9868
28.4999 -116.647
13.0672 -160.446
-22.398 -177.531
-55.0399 -153.511
-65.62 -108.611
-58.4144 -68.8465
-45.5707 -42.915
-33.9551 -28.3427
-25.3216 -20.7569
-19.3318 -17.0088
-15.2038 -15.2714
-13.785 -15.2681
-12.6959 -15.4818
-11.3539 -15.6098
-9.67131 -15.6002
-7.52075 -15.3693
-4.71548 -14.7787
-0.978508 -13.5935
4.102 -11.4041
11.1299 -7.47722
20.9459 -0.47642
34.554 12.0422
52.5722 34.3929
73.2996 73.2547
88.1852 135.109
77.7695 214.031
25.4588 273.227
-46.6442 265.406
-90.6197 197.509
-93.9559 119.822
-76.5064 62.4214
-55.7141 27.1513
-38.2926 6.93727
-25.2184 -4.45774
-15.7137 -10.9061
-8.79526 -14.5763
-3.67804 -16.6537
0.191999 -17.7921
3.18982 -18.3606
5.56678 -18.5737
7.49228 -18.56
9.0819 -18.3992
10.4159 -18.1423
11.5511 -17.8227
12.5284 -17.4631
13.3783 -17.079
14.1233 -16.6812
-9.36849 -21.3842
-3.98302 -31.2959
0.313228 -45.9299
0.299781 -64.0226
-7.0004 -80.0798
-20.1883 -85.9564
-32.5603 -78.0939
-38.1743 -61.5878
-36.8352 -44.4994
-31.8482 -31.4095
-26.1705 -22.956
-21.2176 -18.0617
-17.3172 -15.4698
-14.9628 -14.6484
-14.0308 -14.9492
-12.8846 -15.2081
-11.4489 -15.3956
-9.61337 -15.4639
-7.21173 -15.3334
-3.98781 -14.8682
0.463435 -13.8266
6.7982 -11.7617
16.1019 -7.81032
30.1887 -0.226051
52.0376 14.683
86.0765 44.9594
136.456 107.855
195.868 234.882
211.964 449.977
85.009 657.067
-131.864 627.795
-225.19 400.74
-192.596 201.413
-132.708 89.8559
-85.4269 35.1785
-53.9235 8.65648
-33.5951 -4.60063
-20.2939 -11.4676
-11.3214 -15.1137
-5.04903 -17.0523
-0.504324 -18.0408
2.90133 -18.4771
5.53203 -18.5805
7.61879 -18.4777
9.31219 -18.2447
10.713 -17.9291
11.8906 -17.5616
12.8937 -17.1628
13.7579 -16.7466
14.5092 -16.3226
-15.0496 -16.15
-12.4703 -21.7332
-10.7851 -29.112
-11.191 -37.2801
-14.4141 -43.9287
-19.602 -46.3613
-24.497 -43.5191
-27.0202 -36.9387
-26.7222 -29.3829
-24.506 -22.9228
-21.5355 -18.3174
-18.5879 -15.4457
-16.0534 -13.9262
-15.2725 -14.2797
-14.3173 -14.6213
-13.1285 -14.9367
-11.619 -15.2027
-9.65781 -15.3812
-7.04239 -15.4073
-3.44881 -15.1667
1.65954 -14.4493
9.20787 -12.8482
20.8634 -9.52703
39.7778 -2.64138
72.2035 12.2225
131.011 46.6452
242.236 133.955
445.339 374.764
687.028 1018
386.449 2032.04
-541.06 1859.42
-660.346 841.601
-404.413 303.624
-221.929 107.401
-123.844 35.0936
-71.5059 5.85838
-42.1386 -7.10335
-24.6307 -13.2664
-13.5617 -16.313
-6.17791 -17.8115
-1.01149 -18.4867
2.75782 -18.699
5.60867 -18.6394
7.83182 -18.4153
9.61048 -18.0902
11.0642 -17.7035
12.2733 -17.2803
13.2938 -16.8375
14.1656 -16.3864
14.9177 -15.9346
-18.391 -12.1603
-17.0155 -15.275
-16.1697 -19.0769
-16.2986 -22.9912
-17.5704 -26.037
-19.5387 -27.2283
-21.3777 -26.205
-22.2915 -23.4957
-22.002 -20.134
-20.7525 -17.0389
-18.9905 -14.6927
-17.0916 -13.1826
-16.3981 -13.5046
-15.6161 -13.89
-14.6515 -14.2771
-13.4398 -14.6575
-11.8851 -15.0172
-9.8414 -15.3329
-7.07836 -15.5641
-3.21925 -15.6385
2.37914 -15.4197
10.871 -14.6359
24.4539 -12.7047
47.6211 -8.26323
90.4054 2.25532
177.805 29.6233
381.178 113.186
937.067 438.148
2621.62 2168.52
3663.93 10679.4
-4288.38 8309.32
-2142.39 1538.26
-781.438 327.925
-332.596 85.6225
-162.539 19.456
-87.0753 -3.26527
-49.0622 -12.3594
-27.8957 -16.3465
-15.114 -18.1417
-6.85925 -18.8904
-1.21929 -19.0958
2.8211 -19.0003
5.83278 -18.7306
8.15306 -18.3578
9.99012 -17.9242
11.4776 -17.4563
12.7044 -16.9714
13.7318 -16.4811
14.6029 -15.9931
15.3494 -15.513
-20.2995 -9.27976
-19.4688 -10.9828
-18.8888 -12.9957
-18.752 -14.9821
-19.0915 -16.514
-19.6692 -17.203
-20.1759 -16.9138
-20.2879 -15.8471
-19.8601 -14.4181
-18.9531 -13.0403
-17.9248 -12.2709
-17.3998 -12.6541
-16.7677 -13.0547
-15.9958 -13.4725
-15.0378 -13.907
-13.8266 -14.3566
-12.2623 -14.8186
-10.1915 -15.2877
-7.37047 -15.7549
-3.39683 -16.2036
2.42544 -16.6029
11.3668 -16.8913
25.9042 -16.9367
51.2787 -16.4252
99.8144 -14.5074
204.913 -8.44891
477.517 13.0139
1424.99 118.443
7258.67 1189.58
190500 111106
-75953.7 29514.1
-4891.17 690.752
-1121.32 78.2445
-406.115 4.0401
-184.558 -12.7692
-95.1241 -17.9454
-52.3517 -19.7612
-29.2712 -20.3461
-15.6147 -20.3923
-6.91832 -20.1684
-1.0379 -19.7952
3.14011 -19.335
6.23228 -18.8237
8.59898 -18.2839
10.4609 -17.731
11.9592 -17.1758
13.1872 -16.6257
14.2092 -16.0863
15.0705 -15.5611
15.8041 -15.0529
-20.5153 -8.79228
-20.414 -9.02512
-20.3042 -9.26933
-20.0223 -10.2862
-19.92 -11.1345
-19.8776 -11.601
-19.7865 -11.6306
-19.5118 -11.3055
-19.061 -11.0287
-18.7026 -11.3814
-18.2791 -11.7546
-17.7732 -12.1505
-17.1615 -12.5711
-16.4114 -13.0197
-15.477 -13.5001
-14.2916 -14.0182
-12.7565 -14.5825
-10.72 -15.2069
-7.94236 -15.9151
-4.02894 -16.7499
1.69931 -17.7928
10.4742 -19.2103
24.6773 -21.3679
49.2887 -25.1451
95.8147 -32.9213
194.566 -52.2361
441.171 -112.957
1226.98 -381.001
4874.67 -2462.04
20443.4 -35807.4
-17856.6 -20849.7
-3575.14 -1585.13
-987.242 -287.805
-379.123 -96.1354
-176.589 -49.4138
-92.0345 -33.9793
-50.82 -27.6513
-28.3065 -24.537
-14.8716 -22.715
-6.26449 -21.4635
-0.420869 -20.4835
3.74029 -19.6426
6.82175 -18.8802
9.17808 -18.1679
11.0278 -17.4927
12.5114 -16.8486
13.7226 -16.2332
14.7261 -15.6452
15.5676 -15.0841
16.2807 -14.5494
-20.7236 -8.28944
-20.6325 -8.51363
-20.5337 -8.74916
-20.4264 -8.99682
-20.3097 -9.25743
-20.1305 -9.53535
-19.9165 -9.82998
-19.6691 -10.1424
-19.381 -10.4743
-19.0425 -10.8279
-18.6411 -11.2058
-18.1601 -11.6114
-17.5768 -12.0488
-16.8601 -12.5242
-15.9659 -13.0457
-14.8311 -13.6257
-13.3629 -14.2834
-11.4205 -15.0496
-8.78391 -15.9766
-5.09788 -17.1576
0.2356 -18.7664
8.26969 -21.1478
20.96 -25.0321
42.169 -32.0932
80.087 -46.5559
153.505 -80.4267
308.74 -173.071
658.517 -474.678
1326.97 -1577.91
1035.84 -4275.8
-1364.26 -3723.53
-1190.98 -1235.05
-574.591 -382.538
-276.934 -148.217
-143.636 -74.0103
-79.1134 -46.1916
-44.8804 -34.0995
-25.1505 -28.1005
-12.9426 -24.7249
-4.92103 -22.5786
0.622509 -21.0515
4.61802 -19.8583
7.5997 -18.8591
9.88946 -17.9822
11.6898 -17.1896
13.1331 -16.4606
14.3092 -15.783
15.2805 -15.1496
16.0921 -14.5556
16.777 -13.9975
-20.9233 -7.77152
-20.8424 -7.98594
-20.7546 -8.21159
-20.6589 -8.44928
-20.5547 -8.69988
-20.3943 -8.96924
-20.1966 -9.25682
-19.9673 -9.56336
-19.6993 -9.89113
-19.3835 -10.2429
-19.008 -10.6222
-18.5571 -11.0336
-18.0096 -11.4831
-17.3365 -11.9791
-16.4975 -12.5336
-15.4352 -13.1643
-14.0668 -13.8985
-12.2688 -14.7799
-9.85337 -15.8809
-6.52579 -17.3273
-1.80942 -19.3467
5.09248 -22.372
15.5578 -27.2709
32.0461 -35.8866
59.0361 -52.3892
104.538 -86.8045
180.814 -164.172
292.99 -343.661
370.101 -714.04
169.423 -1149.93
-253.222 -1084.53
-378.64 -624.641
-279.815 -297.305
-172.866 -145.995
-103.118 -81.0837
-61.4326 -52.0069
-36.2605 -37.9233
-20.4669 -30.467
-10.1073 -26.1302
-3.01458 -23.354
2.03139 -21.4058
5.74234 -19.9239
8.54925 -18.722
10.723 -17.7001
12.4401 -16.8027
13.8191 -15.9973
14.9425 -15.2643
15.8687 -14.5912
16.6405 -13.9692
17.2895 -13.3922
-21.1135 -7.23892
-21.0426 -7.44245
-20.9655 -7.65697
-20.8815 -7.88334
-20.7896 -8.12245
-20.6502 -8.38089
-20.4697 -8.65933
-20.2596 -8.95764
-20.0133 -9.27848
-19.7225 -9.62517
-19.3761 -10.002
-18.9598 -10.4144
-18.4541 -10.87
-17.8333 -11.3789
-17.0615 -11.9558
-16.089 -12.6222
-14.8452 -13.4105
-13.228 -14.3719
-11.0871 -15.5886
-8.19671 -17.1989
-4.21165 -19.4426
1.40368 -22.7511
9.4849 -27.9294
21.3159 -36.5293
38.738 -51.6135
63.8171 -79.2106
96.5946 -130.367
127.326 -220.295
123.064 -349.724
42.937 -457.675
-77.5433 -443.892
-141.29 -323.963
-134.194 -201.14
-100.645 -120.805
-68.3095 -76.1457
-44.0039 -52.1984
-26.9566 -39.0642
-15.106 -31.482
-6.75139 -26.8049
-0.7303 -23.7006
3.71206 -21.4847
7.06312 -19.796
9.64181 -18.4376
11.6612 -17.2986
13.2668 -16.3144
14.5607 -15.4455
15.6156 -14.667
16.4848 -13.962
17.2076 -13.3188
17.8137 -12.7287
-21.2931 -6.69213
-21.232 -6.88364
-21.1654 -7.0858
-21.0927 -7.29948
-21.013 -7.5256
-20.8963 -7.77053
-20.7334 -8.03761
-20.5434 -8.32511
-20.3201 -8.636
-20.056 -8.97403
-19.7412 -9.34397
-19.3627 -9.75211
-18.9036 -10.2068
-18.3413 -10.7196
-17.6453 -11.3068
-16.7742 -11.9917
-15.6706 -12.8091
-14.2544 -13.812
-12.4128 -15.0834
-9.98531 -16.7566
-6.74395 -19.0514
-2.36856 -22.3385
3.57355 -27.2534
11.6101 -34.8916
22.2079 -47.1082
35.2246 -66.8313
48.5146 -97.8288
55.605 -142.179
45.3418 -193.149
11.2261 -228.645
-33.1225 -224.881
-62.4442 -185.144
-67.7043 -135.252
-57.7485 -94.3165
-43.1854 -66.5253
-29.5158 -49.0477
-18.3828 -38.207
-9.78008 -31.3313
-3.23676 -26.7796
1.74305 -23.603
5.56225 -21.2621
8.52226 -19.4486
10.8424 -17.9833
12.6813 -16.7591
14.1543 -15.71
15.3461 -14.7937
16.3194 -13.982
17.1211 -13.2552
17.7868 -12.5992
18.3439 -12.0032
-21.4612 -6.13178
-21.4094 -6.31015
-21.353 -6.49873
-21.2912 -6.69835
-21.2235 -6.90996
-21.1306 -7.13865
-20.9857 -7.39206
-20.8161 -7.66606
-20.6166 -7.96382
-20.3803 -8.28936
-16.7651 1.66237
-17.5274 13.7961
-22.1346 12.2899
-21.7398 -1.82356
-18.2353 -10.5841
-17.4715 -11.2698
-16.5145 -12.091
-15.3047 -13.0986
-13.7621 -14.3691
-11.7807 -16.0198
-9.22315 -18.2333
-5.92086 -21.2956
-1.69084 -25.6536
3.60273 -31.9889
9.88878 -41.2776
16.5524 -54.7161
21.9056 -73.2164
22.8332 -96.0387
15.7949 -118.774
0.216559 -133.178
-18.5153 -132.225
-32.1891 -116.78
-36.6547 -94.6399
-33.5006 -73.434
-26.4785 -56.6699
-18.5295 -44.5988
-11.165 -36.2025
-4.91359 -30.3513
0.179813 -26.1774
4.25399 -23.0973
7.49154 -20.7394
10.0639 -18.8708
12.1146 -17.3449
13.7583 -16.0678
15.0843 -14.9775
16.1613 -14.0319
17.0424 -13.2015
17.7682 -12.4648
18.3704 -11.8058
18.8733 -11.2123
-21.6168 -5.5586
-21.5739 -5.72276
-21.527 -5.89654
-21.4757 -6.08077
-21.4194 -6.27637
-21.3511 -6.48599
-21.224 -6.72341
-21.075 -6.98117
-20.8994 -7.26255
0.690359 23.1827
15.21 79.1462
-2.63141 133.166
-41.899 127.849
-54.4966 69.2989
-37.2508 15.3483
-18.1617 -10.4574
-17.35 -11.2593
-16.3398 -12.2393
-15.078 -13.4638
-13.4991 -15.0291
-11.5284 -17.0761
-9.09025 -19.8091
-6.13322 -23.5164
-2.68306 -28.5836
1.05752 -35.4664
4.56031 -44.5593
6.83751 -55.8628
6.53541 -68.425
2.57563 -79.8795
-4.71096 -86.8941
-12.7898 -86.2928
-18.9443 -79.0932
-21.2794 -68.177
-19.853 -56.7428
-15.9108 -46.8343
-10.7945 -39.1438
-5.42543 -33.5425
-0.659547 -28.8653
3.36441 -25.1423
6.70515 -22.2399
9.43217 -19.9324
11.6405 -18.0608
13.4243 -16.5143
14.8667 -15.2152
16.0369 -14.1081
16.9905 -13.1529
17.7718 -12.3198
18.4156 -11.5865
18.9492 -10.9357
19.3942 -10.3542
-21.7588 -4.97345
-21.7243 -5.12235
-21.6864 -5.28018
-21.645 -5.44772
-21.5993 -5.62588
-21.549 -5.81564
-21.4461 -6.03274
-21.3173 -6.27155
7.22877 14.6932
75.5367 94.9884
150.508 299.565
78.2038 577.207
-142.985 548.209
-184.978 262.18
-104.885 76.5851
-40.8586 6.29513
-18.1536 -10.3215
-17.3284 -11.2479
-16.3183 -12.3929
-15.0863 -13.8319
-13.5961 -15.6681
-11.8228 -18.0394
-9.77237 -21.1208
-7.51502 -25.1147
-5.23398 -30.2083
-3.27423 -36.4763
-2.1459 -43.7096
-2.39923 -51.216
-3.91302 -57.1161
-6.6667 -60.1105
-9.97103 -59.7618
-12.465 -56.1857
-13.205 -50.4806
-12.0152 -44.0675
-9.30564 -38.0531
-5.6804 -33.0038
-1.65853 -29.05
2.41888 -26.0838
6.2823 -23.7902
15.0545 -7.32423
18.3168 16.3049
11.5209 25.6601
6.78145 13.1661
12.5389 -7.52179
16.9914 -13.0956
17.8166 -12.1515
18.4934 -11.3331
19.0512 -10.6176
19.5134 -9.98723
19.8983 -9.42779
-21.8866 -4.37731
-21.8596 -4.50998
-21.8301 -4.65076
-21.7977 -4.80039
-21.762 -4.95971
-21.7225 -5.12966
-21.6497 -5.32147
-14.4365 -2.92156
60.7243 33.2962
274.504 192.482
776.969 903.061
755.865 2920.98
-936.448 2632.76
-737.137 739.874
-273.327 153.279
-86.4578 22.1027
-20.7864 -8.61568
-18.2467 -10.1411
-17.455 -11.1838
-16.5122 -12.4732
-15.4043 -14.0825
-14.1301 -16.1014
-12.7136 -18.6326
-11.2217 -21.7763
-9.78185 -25.5969
-8.58975 -30.0651
-7.8827 -34.9787
-7.1074 -39.0373
-6.97082 -42.0035
-7.62782 -43.5987
-8.54476 -43.4147
-9.07769 -41.5007
-8.74379 -38.3363
-7.37955 -34.5925
-5.10815 -30.8659
-2.19739 -27.5379
1.07428 -24.7717
4.48921 -22.5796
29.1495 3.59697
60.1706 67.5452
58.0896 158.488
3.95645 195.926
-36.4783 132.779
-23.8747 48.7399
6.13483 0.227426
18.6213 -11.0252
19.1919 -10.2399
19.6624 -9.55776
20.0522 -8.96059
20.3766 -8.43401
-21.9991 -3.77127
-21.979 -3.88681
-21.9569 -4.00952
-21.9327 -4.1401
-21.9059 -4.2793
-21.8764 -4.42799
-21.8327 -4.59137
-1.26049 -1.55082
123.134 24.5176
616.776 178.38
3309.95 1621.41
17487.7 28277.7
-15705 19368.3
-2640.39 1163.96
-542.841 135.49
-137.754 15.572
-32.3718 -6.2125
-19.0777 -8.93638
-18.4707 -9.86226
-17.7641 -10.991
-16.9553 -12.3734
-16.0523 -14.0674
-15.0802 -16.1325
-14.0885 -18.6173
-13.1541 -21.5383
-12.3746 -24.8488
-11.0774 -27.7634
-9.58937 -29.9736
-8.6628 -31.6918
-8.14968 -32.5948
-7.76866 -32.4914
-7.19195 -31.4042
-6.1599 -29.5597
-4.55542 -27.2929
-2.40471 -24.9311
0.174861 -22.7159
3.03702 -20.7823
23.7953 -8.37545
96.5057 54.079
220.218 247.908
258.833 666.918
-48.6525 894.225
-245.5 512.732
-146.532 165.689
-39.3926 32.2624
14.8448 -7.23201
19.8513 -9.04177
20.2358 -8.40882
20.5545 -7.85806
20.8199 -7.37525
-22.0957 -3.15652
-22.0815 -3.25412
-22.066 -3.35787
-22.0489 -3.46836
-22.03 -3.58628
-22.0091 -3.71238
-21.9859 -3.84753
2.01314 -5.27107
140.773 -15.2474
740.151 -77.4601
5037.58 -828.223
148202 -79817.8
-78445.2 -32297.4
-3778.87 -565.22
-636.067 -61.8815
-152.443 -15.0531
-35.7734 -7.77935
-19.8102 -7.65108
-19.356 -8.45146
-18.839 -9.41559
-18.2621 -10.5786
-17.6355 -11.978
-16.9801 -13.6492
-16.3281 -15.6173
-15.7215 -17.8851
-14.9104 -20.2422
-12.8242 -21.7639
-11.0767 -23.1376
-9.64975 -24.1768
-8.44995 -24.7137
-7.32141 -24.6525
-6.0871 -24.0045
-4.60107 -22.8836
-2.78504 -21.4657
-0.634599 -19.9349
1.8 -18.4417
4.4426 -17.0847
58.751 2.90878
235.022 96.2234
777.412 569.655
1776.99 2945.36
-652.641 5617.78
-1463.7 1767.39
-497.817 323.913
-124.592 54.5877
-5.54461 0.208503
20.4551 -7.74321
20.7578 -7.17543
21.0092 -6.68414
21.2189 -6.25582
-22.1756 -2.53436
-22.1665 -2.61331
-22.1564 -2.6973
-22.1453 -2.78683
-22.1331 -2.88245
-22.1195 -2.9848
-22.1044 -3.09462
-7.63861 -7.01944
93.1779 -42.514
438.004 -224.058
1685.41 -1393.35
2984.53 -8097.65
-3306.46 -6767.27
-1465.13 -1079.64
-406.017 -179.777
-114.94 -35.9976
-28.5932 -7.74795
-20.4369 -6.3017
-20.1063 -6.97186
-19.7391 -7.77134
-19.3402 -8.72426
-18.9199 -9.85524
-18.494 -11.1864
-18.0833 -12.7328
-17.7087 -14.497
-16.0905 -15.8349
-13.9413 -16.8364
-12.0013 -17.7163
-10.2509 -18.368
-8.63099 -18.7003
-7.05145 -18.6626
-5.4119 -18.2607
-3.62707 -17.5552
-1.64556 -16.6425
0.54468 -15.629
2.92328 -14.6086
7.19995 -13.481
89.5788 -2.87262
395.659 51.3344
1973.92 487.575
18002.9 10061.6
-55410.6 155192
-7743.98 3096.03
-1077.15 227.908
-212.994 26.7955
-22.7075 -2.06007
20.9872 -6.35253
21.2153 -5.8652
21.4056 -5.44576
21.5649 -5.08197
-22.2385 -1.90615
-22.2333 -1.96589
-22.2275 -2.02947
-22.2212 -2.09729
-22.2143 -2.16977
-22.2066 -2.24741
-22.198 -2.33079
-22.1884 -2.42055
30.0199 -34.4417
152.922 -153.698
346.166 -542.225
235.3 -1249.43
-335.875 -1167.19
-366.806 -466.097
-174.534 -128.933
-63.4637 -28.8593
-21.1649 -4.44978
-20.9535 -4.90414
-20.7203 -5.44208
-20.4684 -6.07884
-20.2038 -6.83058
-19.9359 -7.71326
-19.6771 -8.74095
-19.4413 -9.92379
-19.2258 -11.2617
-16.8857 -11.9683
-14.6739 -12.6413
-12.5943 -13.2198
-10.6305 -13.6412
-8.74441 -13.8538
-6.88217 -13.8298
-4.9845 -13.5722
-2.99985 -13.1147
-0.894446 -12.5122
1.34383 -11.8279
3.70777 -11.121
7.92627 -10.6071
90.2224 -19.7325
396.211 -72.6495
1974.39 -507.799
18003.3 -10080.9
-55410.2 -155211
-7743.08 -3112.73
-1076.41 -242.856
-212.37 -40.2857
-22.1829 -10.2077
21.4323 -4.88192
21.596 -4.48885
21.7338 -4.15226
21.8499 -3.86182
-22.2836 -1.27335
-22.2813 -1.31343
-22.2788 -1.3561
-22.2759 -1.40163
-22.2728 -1.45032
-22.2694 -1.50251
-22.2655 -1.55859
-22.2612 -1.619
-10.9321 -11.6842
26.8071 -62.8695
57.4656 -170.347
19.0368 -289.673
-73.5918 -278.527
-99.8976 -153.444
-65.1973 -53.9175
-29.0062 -9.09917
-21.5075 -3.12963
-21.3582 -3.4739
-21.1982 -3.87974
-21.0316 -4.35703
-20.8644 -4.91578
-20.705 -5.56538
-20.5638 -6.31379
-20.4515 -7.16681
-19.7818 -8.00016
-17.4306 -8.49402
-15.1653 -8.95466
-12.9851 -9.34377
-10.8774 -9.62347
-8.81776 -9.76349
-6.77262 -9.74768
-4.70582 -9.57791
-2.58529 -9.27355
-0.388664 -8.867
1.89416 -8.39674
4.26162 -7.90046
6.70345 -7.40995
60.7399 -25.7702
236.717 -117.692
778.822 -589.966
1778.14 -2964.73
-650.779 -5635.87
-1461.04 -1783.75
-495.607 -338.592
-122.745 -67.8615
-3.98775 -12.3006
21.7773 -3.34752
21.8896 -3.06003
21.9855 -2.81522
22.0673 -2.60528
-22.3109 -0.637454
-22.3103 -0.657567
-22.3097 -0.67899
-22.309 -0.701855
-22.3082 -0.726313
-22.3073 -0.752536
-22.3063 -0.780722
-22.3053 -0.8111
-22.304 -0.843937
-16.4459 -10.3938
-8.1483 -39.9174
-15.0836 -65.8706
-31.0376 -63.732
-35.7209 -35.9565
-26.0574 -7.7811
-21.8543 -1.59303
-21.7559 -1.79168
-21.651 -2.02624
-21.5424 -2.30211
-21.4342 -2.62463
-21.3321 -2.99868
-21.2433 -3.42807
-21.1764 -3.91497
-21.1407 -4.45964
-20.1768 -4.95671
-17.8101 -5.3064
-15.5013 -5.62703
-13.2485 -5.89399
-11.0423 -6.08383
-8.86649 -6.17824
-6.6998 -6.16761
-4.51948 -6.05302
-2.30507 -5.84607
-0.0415773 -5.5664
2.27882 -5.23802
4.65682 -4.88532
7.08737 -4.52988
27.307 -14.9901
99.4597 -75.8417
222.649 -268.38
261.021 -686.196
-45.1944 -911.6
-241.179 -528.445
-142.939 -179.849
-36.3833 -45.1173
17.3848 -4.51907
22.0118 -1.76896
22.0879 -1.59496
22.1544 -1.44817
22.212 -1.32367
-22.32 0
-22.32 0
-22.32 0
-22.32 0
-22.32 0
-22.32 0
-22.32 0
-22.32 0
-22.32 0
-22.3123 -0.00557661
-22.2724 -0.0360343
-22.2269 -0.0743488
-22.1754 -0.122146
-22.1177 -0.181301
-22.054 -0.253928
-21.9846 -0.342347
-21.9107 -0.448993
-21.8339 -0.576272
-21.7567 -0.726315
-21.6828 -0.90063
-21.6168 -1.09963
-21.5645 -1.32206
-21.5325 -1.56437
-21.5276 -1.82012
-20.4605 -2.07967
-18.078 -2.33025
-15.7352 -2.55674
-13.4297 -2.74308
-11.1548 -2.87443
-8.89961 -2.9394
-6.65029 -2.93209
-4.39218 -2.85317
-2.11193 -2.70977
0.200619 -2.51414
2.55135 -2.28155
4.9417 -2.02803
7.36933 -1.76831
9.8292 -1.51458
33.558 -25.768
63.7417 -88.2286
62.238 -176.878
9.06046 -212.369
-30.6639 -147.586
-19.0255 -62.1681
10.2075 -12.4871
22.0672 -0.238216
22.1298 -0.168463
22.1862 -0.111742
22.2365 -0.0659829
22.2809 -0.029362
-22.3109 0.637454
-22.3103 0.657567
-22.3097 0.67899
-22.309 0.701855
-22.3082 0.726313
-22.3073 0.752536
-22.3063 0.780722
-22.3053 0.8111
-22.304 0.843937
-22.3027 0.879542
-22.2833 0.903923
-22.2434 0.913073
-22.1987 0.918384
-22.1491 0.919054
-22.0948 0.914278
-22.0364 0.903332
-21.9746 0.885711
-21.9109 0.861329
-21.8471 0.830811
-21.7859 0.795894
-21.7304 0.759955
-21.6841 0.728692
-21.6507 0.71097
-21.6332 0.719879
-20.6664 0.669957
-18.2697 0.488459
-15.9004 0.326379
-13.5565 0.194339
-11.233 0.101953
-8.92255 0.0564577
-6.61597 0.0615696
-4.3036 0.116866
-1.97656 0.217857
0.372125 0.356726
2.7468 0.523548
5.14901 0.70766
7.57779 0.89891
10.0303 1.08857
12.5024 1.26981
20.9948 -12.3196
24.4642 -33.5734
18.2981 -40.9556
13.8923 -26.8757
18.4884 -5.00848
22.0034 1.57358
22.0696 1.49715
22.1295 1.43048
22.1831 1.37065
22.2308 1.31581
22.2729 1.26479
-22.2836 1.27335
-22.2813 1.31343
-22.2788 1.3561
-22.2759 1.40163
-22.2728 1.45032
-22.2694 1.50251
-22.2655 1.55859
-22.2612 1.619
-22.2564 1.68427
-22.2509 1.755
-22.2447 1.83192
-22.2136 1.8942
-22.1701 1.95124
-22.122 2.00989
-22.0694 2.07046
-22.0124 2.13358
-21.9516 2.20037
-21.8877 2.27264
-21.8216 2.35324
-21.7543 2.44652
-21.687 2.55885
-21.6204 2.69947
-21.5543 2.88141
-21.4868 3.12298
-20.8171 3.32154
-18.4083 3.18882
-16.0187 3.0715
-13.6465 2.97672
-11.2882 2.91081
-8.93872 2.87848
-6.59179 2.88211
-4.24099 2.92143
-1.88029 2.99355
0.495142 3.09339
2.8885 3.21436
5.30117 3.34929
7.73288 3.49112
10.182 3.63359
12.646 3.77159
15.1219 3.90131
17.6065 4.02025
20.097 4.12702
21.6202 4.02704
21.744 3.69922
21.8482 3.42875
21.9374 3.20068
22.0143 3.00465
22.081 2.83342
22.139 2.68181
22.1756 2.53436
-22.2385 1.90615
-22.2333 1.96589
-22.2275 2.02947
-22.2212 2.09729
-22.2143 2.16977
-22.2066 2.24741
-22.198 2.33079
-22.1884 2.42055
-22.1776 2.51745
-22.1654 2.62239
-22.1516 2.73638
-22.1359 2.86064
-22.0915 2.97007
-22.0389 3.0839
-21.9809 3.20622
-21.9172 3.33876
-21.8476 3.48391
-21.7721 3.64493
-21.6901 3.82638
-21.6011 4.03446
-21.5039 4.27767
-21.3958 4.56752
-21.2725 4.9196
-21.1261 5.35494
-20.9283 5.89725
-18.5096 5.79939
-16.1044 5.71363
-13.7113 5.64484
-11.3278 5.59724
-8.95026 5.57396
-6.57452 5.57657
-4.19612 5.60489
-1.81096 5.65702
0.58437 5.72958
2.9922 5.81815
5.4137 5.91783
7.84893 6.02367
10.297 6.13117
12.7562 6.23652
15.2247 6.33674
17.7003 6.42973
20.1808 6.5142
21.186 6.14598
21.3865 5.63595
21.548 5.209
21.6809 4.84588
21.7919 4.53266
21.8856 4.2591
21.9569 4.00952
21.9991 3.77127
-22.1756 2.53436
-22.1665 2.61331
-22.1564 2.6973
-22.1453 2.78683
-22.1331 2.88245
-22.1195 2.9848
-22.1044 3.09462
-22.0876 3.21274
-22.0687 3.34012
-22.0474 3.4779
-22.0233 3.62736
-21.9959 3.79006
-21.9645 3.96778
-21.9033 4.13446
-21.8337 4.31402
-21.7561 4.51029
-21.6696 4.72656
-21.5729 4.96716
-21.4644 5.2377
-21.3415 5.54556
-21.2005 5.90032
-21.0357 6.3145
-20.8385 6.80435
-20.5954 7.39094
-20.2854 8.10136
-14.7698 23.2622
-15.4381 32.5139
-17.3856 26.782
-12.7805 11.575
-8.95861 8.17593
-6.56202 8.17783
-4.16361 8.19845
-1.76049 8.23651
0.649712 8.28973
3.06873 8.35511
5.49749 8.42925
7.93619 8.50867
10.3843 8.59009
12.8409 8.6707
15.3047 8.74818
17.774 8.82083
20.2086 8.87009
20.5901 8.09413
20.8871 7.44206
21.1236 6.88761
21.3155 6.41075
21.4736 5.99624
21.5993 5.62588
21.6864 5.28018
21.7588 4.97345
-22.0957 3.15652
-22.0815 3.25412
-22.066 3.35787
-22.0489 3.46836
-22.03 3.58628
-22.0091 3.71238
-21.9859 3.84753
-21.96 3.99272
-21.931 4.1491
-21.8983 4.31798
-21.8615 4.50089
-21.8196 4.69961
-21.7718 4.91622
-21.717 5.15318
-21.6328 5.38729
-21.5356 5.64081
-21.4256 5.92015
-21.3005 6.23023
-21.1573 6.57721
-20.9917 6.96888
-20.7977 7.41503
-20.5668 7.92791
-20.2868 8.5228
-14.0118 15.8404
8.06473 55.2616
15.7574 117.056
-10.5762 158.753
-44.0079 132.768
-43.4179 70.7962
-20.675 25.0053
-6.5529 10.7092
-4.13981 10.7244
-1.72343 10.7524
0.69795 10.7917
3.12559 10.8403
5.56023 10.8958
8.0021 10.9556
10.4509 11.0175
12.9061 11.0793
15.3668 11.1392
17.8318 11.1959
19.3664 10.7255
19.8774 9.84934
20.2787 9.09673
20.5993 8.44589
20.8595 7.87886
21.0669 7.37342
21.2235 6.90996
21.353 6.49873
21.4612 6.13178
-21.9991 3.77127
-21.979 3.88681
-21.9569 4.00952
-21.9327 4.1401
-21.9059 4.2793
-21.8764 4.42799
-21.8435 4.58714
-21.807 4.75789
-21.7661 4.9415
-21.7202 5.13944
-21.6685 5.35339
-21.6099 5.58532
-21.5431 5.83749
-21.4667 6.11255
-21.3787 6.4136
-21.2625 6.72435
-21.1241 7.05823
-20.9655 7.42726
-20.7822 7.8377
-20.5685 8.29711
-20.3165 8.8147
-20.0156 9.4015
-18.4895 10.7919
25.8324 47.7273
103.677 158.882
156.448 407.642
16.1678 637.238
-174.337 488.596
-156.016 212.052
-71.6198 69.2807
-16.3747 19.7118
-4.12226 13.1989
-1.69601 13.2197
0.733799 13.2489
3.16808 13.2852
5.60742 13.3269
8.05203 13.3722
10.5018 13.4193
12.9563 13.4667
15.415 13.513
17.6572 13.3892
18.4594 12.3333
19.0907 11.4054
19.5939 10.5905
20.0002 9.87327
20.3231 9.2278
20.5786 8.64303
20.7896 8.12245
20.9655 7.65697
21.1135 7.23892
-21.8866 4.37731
-21.8596 4.50998
-21.8301 4.65076
-21.7977 4.80039
-21.762 4.95971
-21.7225 5.12966
-21.6788 5.31132
-21.6302 5.50588
-21.576 5.71473
-21.5152 5.93942
-21.4469 6.18175
-21.3696 6.44376
-21.2819 6.72782
-21.1818 7.03666
-21.0669 7.37342
-20.9344 7.74176
-20.7742 8.13611
-20.5787 8.55359
-20.3524 9.01473
-20.0882 9.52643
-19.7771 10.0967
-19.4068 10.7348
3.01737 20.1359
106.636 77.4439
394.76 328.989
945.046 1400.54
258.617 3377.98
-1043.79 1956.72
-554.718 491.031
-185.283 116.08
-46.3825 32.455
-4.10922 15.6338
-1.67559 15.6493
0.760578 15.6712
3.19997 15.6984
5.64304 15.7298
8.08995 15.7641
10.5407 15.8001
12.995 15.8364
15.4524 15.8722
16.6188 14.7539
17.5318 13.7099
18.2665 12.7681
18.8625 11.9232
19.337 11.1472
19.7236 10.4482
20.0431 9.82114
20.3097 9.25743
20.5337 8.74916
20.7236 8.28944
-21.7588 4.97345
-21.7243 5.12235
-21.6864 5.28018
-21.645 5.44772
-21.5993 5.62588
-21.549 5.81564
-21.4934 6.01814
-21.4316 6.23464
-21.3627 6.46655
-21.2858 6.71551
-21.1994 6.98334
-21.1021 7.27211
-20.992 7.58419
-20.8667 7.92228
-20.7236 8.28944
-20.5592 8.68917
-20.3693 9.12545
-20.1487 9.60277
-19.8806 10.1065
-19.5661 10.6562
-19.1974 11.2623
-18.7617 11.932
24.8847 19.976
209.218 64.1657
997.815 347.33
5831.22 3626.86
9844.23 51776.5
-9711.95 7850.93
-1575.16 604.443
-344.478 99.9564
-78.1956 31.0045
-4.0995 18.0381
-1.66034 18.0497
0.780659 18.0661
3.22398 18.0866
5.66997 18.1103
8.11879 18.1363
10.5704 18.1637
12.9367 18.0684
14.409 16.9549
15.6207 15.8842
16.6156 14.8796
17.429 13.9432
18.0913 13.0724
18.6386 12.2795
19.0936 11.5593
19.4743 10.9056
19.7951 10.3119
20.0672 9.77186
20.2995 9.27976
-21.6168 5.5586
-21.5739 5.72276
-21.527 5.89654
-21.4757 6.08077
-21.4194 6.27637
-21.3573 6.48439
-21.2888 6.70597
-21.2129 6.94239
-21.1285 7.19511
-21.0344 7.46573
-20.9291 7.75607
-20.8107 8.06817
-20.6773 8.40431
-20.5261 8.76708
-20.3541 9.15934
-20.1575 9.58431
-19.9316 10.0455
-19.6709 10.5469
-19.3683 11.0928
-19.0154 11.6875
-18.5934 12.3158
-18.0985 13.0006
31.1809 10.9978
240.506 -4.6058
1245.09 -122.501
10758.9 -2201.8
538993 -943245
-24350.6 -6534.23
-2059.47 -236.724
-394.947 -11.1223
-86.7773 15.5715
-5.18307 20.3661
-1.6489 20.4271
0.795748 20.4394
3.24208 20.4548
5.69036 20.4727
8.1407 20.4925
10.2138 19.778
11.95 18.806
13.4307 17.8063
14.6789 16.814
15.7196 15.8454
16.5903 14.9313
17.3194 14.079
17.9317 13.2905
18.4477 12.5644
18.8848 11.8974
19.2568 11.2854
19.5751 10.7237
19.8489 10.208
-21.4612 6.13178
-21.4094 6.31015
-21.353 6.49873
-21.2912 6.69835
-21.2235 6.90996
-21.149 7.1346
-21.0669 7.37342
-20.9762 7.62771
-20.8756 7.89887
-20.7637 8.1885
-20.6388 8.49834
-20.499 8.83033
-20.3418 9.18662
-20.1645 9.56958
-19.9636 9.98181
-19.7352 10.4261
-19.4743 10.9056
-19.1751 11.4235
-18.8305 11.9831
-18.4319 12.5876
-17.9688 13.2402
-17.429 13.9432
16.6782 5.24083
161.639 -50.6822
670.764 -358.808
2399.26 -2467.21
1176.61 -10390.7
-3059.95 -4084.58
-986.851 -590.661
-264.92 -83.8023
-63.1099 4.18924
-3.9288 21.895
-1.5979 22.1924
0.7874 22.2441
3.14695 22.0456
5.40488 21.6171
7.5011 20.9981
9.39737 20.2387
11.0738 19.3792
12.5327 18.4693
13.7898 17.5506
14.8655 16.6493
15.7826 15.7826
16.5637 14.9608
17.2295 14.189
17.7981 13.4688
18.2853 12.7997
18.7041 12.1794
19.0657 11.6052
19.3792 11.0738
-21.2931 6.69213
-21.232 6.88364
-21.1654 7.0858
-21.0927 7.29948
-21.013 7.5256
-20.9257 7.76519
-20.8296 8.01939
-20.7236 8.28944
-20.6064 8.57671
-20.4763 8.88269
-20.3316 9.20904
-20.1702 9.55755
-19.9893 9.93019
-19.7862 10.3291
-19.5571 10.7564
-19.298 11.2147
-19.0038 11.7063
-18.6686 12.2339
-18.2853 12.7997
-17.8455 13.4059
-17.3396 14.0542
-16.7559 14.7452
-5.33632 10.0191
64.1963 -37.0295
216.207 -209.946
386.651 -723.303
74.4152 -1344.76
-400.117 -923.856
-294.291 -300.386
-117.714 -59.733
-29.0883 8.83356
-3.57763 22.0148
-1.44755 22.2612
0.723574 22.3033
2.87456 22.1341
4.94658 21.765
6.89257 21.2291
8.67934 20.5634
10.2893 19.8069
11.7185 18.9963
12.9732 18.1625
14.0664 17.3297
15.0141 16.5155
15.8336 15.7315
16.5419 14.985
17.1543 14.2798
17.6848 13.6173
18.1454 12.9972
18.5465 12.4181
18.8969 11.8781
-21.1135 7.23892
-21.0426 7.44245
-20.9655 7.65697
-20.8815 7.88334
-20.7896 8.12245
-20.689 8.37532
-20.5786 8.64303
-20.4572 8.92676
-20.3231 9.2278
-20.1749 9.54756
-20.0105 9.88753
-19.8276 10.2493
-19.6236 10.6347
-19.3954 11.0455
-19.1392 11.4835
-18.851 11.9508
-18.5256 12.4492
-18.1573 12.9805
-17.7392 13.5463
-17.2635 14.1476
-16.721 14.7849
-16.1014 15.4573
-15.3931 16.1628
6.67193 -3.6803
47.5392 -69.3647
65.3874 -190.333
1.89634 -283.684
-79.6073 -223.442
-79.2662 -94.2546
-38.1919 -11.8519
-5.16977 21.713
-3.28525 22.0769
-1.32622 22.2806
0.663992 22.3101
2.63851 22.1635
4.55226 21.8508
6.36686 21.3927
8.05391 20.8163
9.59612 20.1518
10.9865 19.4288
12.2266 18.6733
13.3237 17.907
14.2889 17.1467
15.1352 16.4046
15.8757 15.689
16.5235 15.0052
17.0905 14.356
17.5875 13.7428
18.0238 13.1652
18.4079 12.6226
-20.9233 7.77152
-20.8424 7.98594
-20.7546 8.21159
-20.6589 8.44928
-20.5547 8.69988
-20.4407 8.96436
-20.3159 9.24373
-20.1789 9.53911
-20.0281 9.85168
-19.8619 10.1827
-19.6781 10.5336
-19.4743 10.9056
-19.2479 11.3004
-18.9957 11.7194
-18.7141 12.1641
-18.3987 12.6361
-18.0447 13.1366
-17.6466 13.6667
-17.1978 14.2273
-16.6912 14.8185
-16.1183 15.4396
-15.4702 16.089
-14.7369 16.7632
-13.9081 17.457
-3.6249 0.780461
1.8772 -29.4305
-8.47021 -48.2077
-21.6375 -35.5816
-19.8868 -4.40089
-6.59088 21.18
-4.79114 21.7997
-3.03741 22.1124
-1.22453 22.2864
0.612956 22.3116
2.43807 22.1864
4.21507 21.9184
5.9128 21.5226
7.50703 21.0197
8.9816 20.4331
10.3282 19.7866
11.5452 19.1021
12.6363 18.3985
13.6087 17.6914
14.4718 16.9927
15.2357 16.3112
15.9111 15.6531
16.508 15.0223
17.0358 14.421
17.503 13.8502
17.9172 13.31
-20.7236 8.28944
-20.6325 8.51363
-20.5337 8.74916
-20.4264 8.99682
-20.3097 9.25743
-20.1823 9.53189
-20.0431 9.82114
-19.8908 10.1262
-19.7236 10.4482
-19.5397 10.7881
-19.337 11.1472
-19.1132 11.5268
-18.8655 11.9279
-18.5907 12.3518
-18.2853 12.7997
-17.945 13.2725
-17.5652 13.7712
-17.1407 14.2961
-16.6654 14.8474
-16.1328 15.4245
-15.5354 16.026
-14.8655 16.6493
-14.1146 17.2904
-13.2745 17.9435
-12.3371 18.6005
-11.2952 19.251
-10.1438 19.8818
-8.88046 20.4773
-7.50703 21.0197
-6.03034 21.4899
-4.46311 21.8692
-2.82406 22.1406
-1.1373 22.291
0.569203 22.3127
2.26579 22.2047
3.92365 21.9724
5.51719 21.6274
7.02577 21.1854
8.43466 20.6649
9.73511 20.0851
10.9238 19.4642
12.0017 18.8187
12.9732 18.1625
13.8449 17.5071
14.6246 16.8613
15.3206 16.2315
15.9412 15.6224
16.4946 15.037
16.9882 14.4769
17.429 13.9432
