-76.395 -22.9218
-76.2425 -23.3523
-76.08 -23.7978
-75.9066 -24.259
-75.7213 -24.7367
-75.5229 -25.2314
-75.3102 -25.7439
-75.0818 -26.2748
-74.836 -26.8248
-74.571 -27.3945
-74.2848 -27.9845
-73.975 -28.5951
-73.639 -29.2267
-72.6798 -29.6367
-70.5461 -29.574
-68.3991 -29.498
-66.2367 -29.4054
-64.0567 -29.2922
-61.8566 -29.1531
-59.6341 -28.9813
-57.3869 -28.7686
-55.1131 -28.5044
-52.8124 -28.1757
-50.4864 -27.7669
-48.1405 -27.2599
-45.7861 -26.6349
-43.4431 -25.8726
-41.1426 -24.9586
-38.9295 -23.8904
-36.8616 -22.6874
-35.003 -21.4022
-33.4109 -20.1292
-32.1127 -19.0018
-31.0841 -18.1721
-30.238 -17.773
-29.4375 -17.8747
-28.5327 -18.4588
-27.4032 -19.4256
-25.9869 -20.6292
-24.2827 -21.9211
-22.3328 -23.1823
-20.1991 -24.3356
-17.9449 -25.3429
-15.6228 -26.195
-13.2721 -26.9003
-10.9193 -27.4758
-8.58044 -27.9412
-6.26414 -28.3159
-3.97415 -28.617
-1.71114 -28.8592
-76.645 -22.0596
-76.5012 -22.4767
-76.3479 -22.9086
-76.184 -23.3559
-76.0086 -23.8193
-75.8206 -24.2994
-75.6187 -24.797
-75.4014 -25.3128
-75.1672 -25.8473
-74.9141 -26.4013
-74.6401 -26.9751
-74.3427 -27.5693
-74.0192 -28.1841
-72.6456 -28.4197
-70.5047 -28.3568
-68.3486 -28.2802
-66.1748 -28.1863
-63.9805 -28.0706
-61.7625 -27.9273
-59.5172 -27.7489
-57.241 -27.5257
-54.9307 -27.2453
-52.5838 -26.892
-50.2001 -26.4461
-47.7832 -25.884
-45.3432 -25.1783
-42.9009 -24.2998
-40.4918 -23.2226
-38.1714 -21.9328
-36.016 -20.4429
-34.1176 -18.8097
-32.5653 -17.1518
-31.4128 -15.6511
-30.6398 -14.528
-30.1299 -13.9822
-29.6864 -14.1215
-29.0913 -14.9179
-28.1749 -16.2187
-26.86 -17.8076
-25.16 -19.4741
-23.1473 -21.0604
-20.9155 -22.4742
-18.5516 -23.6786
-16.1238 -24.6737
-13.6791 -25.4797
-11.2465 -26.1245
-8.8421 -26.637
-6.47298 -27.0432
-4.14091 -27.3652
-1.84461 -27.6211
-76.8869 -21.1891
-76.7517 -21.5924
-76.6073 -22.0102
-76.4528 -22.443
-76.2872 -22.8916
-76.1093 -23.3567
-75.918 -23.8388
-75.7117 -24.3388
-75.4888 -24.8572
-75.2474 -25.3947
-74.9854 -25.9517
-74.7002 -26.5288
-74.389 -27.126
-72.6115 -27.2046
-70.4631 -27.142
-68.2977 -27.0653
-66.1121 -26.9707
-63.9028 -26.8534
-61.6655 -26.707
-59.3956 -26.523
-57.0877 -26.2905
-54.7366 -25.9951
-52.3373 -25.618
-49.8866 -25.1349
-47.3848 -24.5154
-44.8394 -23.7225
-42.2702 -22.7137
-39.7162 -21.4464
-37.2436 -19.8881
-34.9524 -18.0359
-32.9727 -15.9455
-31.4435 -13.7618
-30.4637 -11.734
-30.028 -10.1854
-29.9799 -9.42336
-30.0311 -9.61849
-29.8565 -10.7259
-29.2131 -12.5066
-28.0068 -14.6327
-26.2819 -16.8033
-24.1607 -18.8102
-21.7828 -20.5475
-19.2676 -21.9869
-16.7012 -23.1459
-14.1381 -24.0631
-11.6087 -24.7818
-9.12688 -25.3426
-6.69693 -25.78
-4.31743 -26.1219
-1.98425 -26.3902
-77.1205 -20.3105
-76.9937 -20.6996
-76.858 -21.1028
-76.7127 -21.5207
-76.5566 -21.9541
-76.3887 -22.4034
-76.2077 -22.8696
-76.0122 -23.3531
-75.8005 -23.8548
-75.5706 -24.3751
-75.3203 -24.9146
-75.0471 -25.4738
-74.7177 -26.0422
-72.5778 -25.9917
-70.4218 -25.9298
-68.2468 -25.8536
-66.049 -25.7591
-63.824 -25.6411
-61.5664 -25.4927
-59.2701 -25.3046
-56.9279 -25.0646
-54.5318 -24.7559
-52.0734 -24.3567
-49.5455 -23.8375
-46.9433 -23.1598
-44.2693 -22.2747
-41.5394 -21.1223
-38.793 -19.6362
-36.1067 -17.7545
-33.6078 -15.4457
-31.4788 -12.7512
-29.9346 -9.84142
-29.1536 -7.0559
-29.1674 -4.8761
-29.767 -3.78707
-30.5191 -4.06695
-30.9261 -5.64199
-30.6323 -8.12649
-29.5313 -11.0134
-27.7276 -13.8679
-25.4257 -16.4201
-22.8329 -18.5577
-20.1103 -20.275
-17.3638 -21.6195
-14.6531 -22.6573
-12.0069 -23.4528
-9.4346 -24.0618
-6.93526 -24.529
-4.50279 -24.8889
-2.12921 -25.1678
-77.3456 -19.424
-77.2269 -19.7986
-77.0998 -20.1868
-76.9633 -20.5893
-76.8165 -21.0068
-76.6584 -21.44
-76.4875 -21.8895
-76.3026 -22.3561
-76.1017 -22.8403
-75.8831 -23.3428
-75.6444 -23.8642
-75.3829 -24.4047
-74.6906 -24.8301
-72.5447 -24.7808
-70.3811 -24.7202
-68.1963 -24.6452
-65.986 -24.5517
-63.7448 -24.4342
-61.4661 -24.2852
-59.1419 -24.0948
-56.7628 -23.8493
-54.3175 -23.53
-51.7935 -23.1115
-49.1776 -22.5588
-46.458 -21.8242
-43.6286 -20.8443
-40.697 -19.5371
-37.6977 -17.8031
-34.7134 -15.5364
-31.901 -12.6543
-29.5117 -9.1597
-27.8756 -5.2361
-27.3086 -1.34071
-27.9271 1.79976
-29.4568 3.39846
-31.2284 2.98571
-32.4552 0.687231
-32.6074 -2.85368
-31.5827 -6.83461
-29.6033 -10.6246
-27.0085 -13.8837
-24.1028 -16.5134
-21.0984 -18.5548
-18.1195 -20.1053
-15.2265 -21.2705
-12.4411 -22.1435
-9.7642 -22.7987
-7.1866 -23.2928
-4.69566 -23.668
-2.2783 -23.9551
-77.5619 -18.53
-77.4511 -18.8895
-77.3322 -19.2623
-77.2044 -19.6489
-77.0668 -20.0501
-76.9181 -20.4666
-76.7571 -20.899
-76.5824 -21.3479
-76.3923 -21.8141
-76.1847 -22.2982
-75.9573 -22.8007
-75.7073 -23.3219
-74.6644 -23.6196
-72.5125 -23.5721
-70.3413 -23.5134
-68.1468 -23.4403
-65.9238 -23.3487
-63.666 -23.2329
-61.3655 -23.085
-59.0122 -22.8943
-56.594 -22.6461
-54.0958 -22.3197
-51.4997 -21.886
-48.7849 -21.3042
-45.9297 -20.5167
-42.915 -19.4432
-39.7331 -17.9741
-36.4048 -15.9661
-33.0092 -13.2481
-29.729 -9.65231
-26.8999 -5.09754
-25.0229 0.255784
-24.6527 5.80953
-26.0895 10.4547
-28.9908 12.8758
-32.2901 12.2471
-34.6981 8.79224
-35.4098 3.62476
-34.3775 -1.95493
-32.0514 -7.03199
-28.9903 -11.2045
-25.6332 -14.4319
-22.2496 -16.8445
-18.9745 -18.6177
-15.8591 -19.9132
-12.91 -20.8609
-10.1135 -21.5579
-7.44885 -22.0746
-4.89423 -22.4613
-2.43003 -22.7535
-77.7692 -17.6287
-77.666 -17.9728
-77.5552 -18.3296
-77.4358 -18.6999
-77.3069 -19.0844
-77.1674 -19.4836
-77.0161 -19.8983
-76.8514 -20.3291
-76.6717 -20.7766
-76.4748 -21.2416
-76.2584 -21.7245
-76.0197 -22.2258
-74.6393 -22.4109
-72.4815 -22.3655
-70.3029 -22.3093
-68.0987 -22.239
-65.8631 -22.1503
-63.5886 -22.0375
-61.2658 -21.8925
-58.8826 -21.7041
-56.4236 -21.4564
-53.8693 -21.127
-51.1951 -20.6837
-48.371 -20.0797
-45.3616 -19.2468
-42.1292 -18.0861
-38.6413 -16.455
-34.8907 -14.1537
-30.9341 -10.9193
-26.9635 -6.44785
-23.4069 -0.493655
-21.009 6.89218
-20.7348 14.9757
-23.2787 22.0555
-28.2649 25.8585
-33.9362 24.8636
-38.0856 19.4888
-39.4699 11.7456
-38.2312 3.79279
-35.2605 -3.06066
-31.4674 -8.40386
-27.4667 -12.3442
-23.579 -15.1701
-19.9315 -17.1753
-16.5487 -18.5977
-13.41 -19.6129
-10.4792 -20.3443
-7.71907 -20.8773
-5.09613 -21.2704
-2.58257 -21.5638
-77.9672 -16.7204
-77.8714 -17.0486
-77.7683 -17.3891
-77.6571 -17.7427
-77.5367 -18.1099
-77.4062 -18.4914
-77.2642 -18.8878
-77.1092 -19.2998
-76.9396 -19.7282
-76.7532 -20.1734
-76.5476 -20.6362
-76.3198 -21.1168
-74.6155 -21.2039
-72.4522 -21.1611
-70.2663 -21.1079
-68.0526 -21.0412
-65.8046 -20.9566
-63.5136 -20.8483
-61.1685 -20.7082
-58.7549 -20.5247
-56.254 -20.2813
-53.6411 -19.9541
-50.884 -19.5082
-47.9412 -18.8912
-44.7598 -18.0247
-41.2762 -16.79
-37.4211 -15.007
-33.1375 -12.4068
-28.4272 -8.60195
-23.4514 -3.08076
-18.7113 4.70162
-15.2737 14.99
-14.7977 27.0142
-18.8154 38.1799
-27.0847 44.4184
-36.5963 42.7701
-43.3766 34.0643
-45.4844 22.1158
-43.6038 10.5896
-39.4743 1.28849
-34.5482 -5.53162
-29.6425 -10.2988
-25.0956 -13.5668
-20.988 -15.8008
-17.2897 -17.3379
-13.9352 -18.4077
-10.8563 -19.1628
-7.99341 -19.7037
-5.29845 -20.097
-2.73376 -20.3871
-78.1558 -15.8053
-78.0671 -16.1173
-77.9715 -16.4411
-77.868 -16.7775
-77.7559 -17.1269
-77.6339 -17.4902
-77.501 -17.8679
-77.3554 -18.2606
-77.1956 -18.6692
-77.0194 -19.0941
-76.8243 -19.536
-76.6072 -19.9953
-74.5933 -19.9985
-72.4246 -19.9588
-70.2318 -19.9093
-68.0091 -19.8469
-65.749 -19.7675
-63.4419 -19.6653
-61.0748 -19.5322
-58.6311 -19.3566
-56.088 -19.1217
-53.4152 -18.8027
-50.5719 -18.3626
-47.5028 -17.7446
-44.1336 -16.861
-40.3669 -15.5736
-36.0807 -13.6631
-31.139 -10.7802
-25.4364 -6.37809
-19.0226 0.356072
-12.3883 10.4787
-6.96237 24.9055
-5.53224 43.1908
-11.4093 61.5027
-25.0628 72.2859
-41.1158 69.3985
-51.9657 54.6051
-54.6025 35.5602
-51.1597 18.5942
-44.9951 5.95219
-38.3432 -2.68139
-32.1886 -8.36673
-26.7973 -12.0797
-22.1338 -14.5208
-18.0714 -16.1488
-14.477 -17.2537
-11.2382 -18.0179
-8.2671 -18.5563
-5.49776 -18.9424
-2.88113 -19.2241
-78.3346 -14.8837
-78.2528 -15.1791
-78.1643 -15.4859
-78.0684 -15.8046
-77.9641 -16.136
-77.8505 -16.4805
-77.7262 -16.8389
-77.5897 -17.2118
-77.4394 -17.6
-77.2731 -18.004
-77.0881 -18.4244
-76.7259 -18.8238
-74.5729 -18.7947
-72.3993 -18.7585
-70.2 -18.7133
-67.9687 -18.6561
-65.6972 -18.5829
-63.3746 -18.4883
-60.9865 -18.3645
-58.5134 -18.1999
-55.9287 -17.9781
-53.1963 -17.6739
-50.2654 -17.2494
-47.0653 -16.6449
-43.4965 -15.7655
-39.4192 -14.4564
-34.6409 -12.4602
-28.909 -9.34244
-21.9341 -4.36669
-13.5113 3.68876
-3.90666 16.7002
5.21696 36.956
9.38792 65.3508
1.5403 96.7518
-21.3665 116.625
-49.2823 111.203
-66.5413 84.5775
-68.7443 53.1389
-61.8331 27.8556
-52.1691 10.754
-42.9448 -0.00755532
-35.109 -6.64481
-28.6654 -10.7626
-23.3488 -13.3638
-18.8778 -15.0451
-15.0238 -16.1584
-11.6167 -16.9134
-8.53447 -17.4369
-5.69015 -17.8075
-3.02197 -18.0751
-78.5036 -13.9561
-78.4282 -14.2345
-78.3466 -14.5238
-78.2578 -14.8245
-78.1612 -15.1373
-78.0555 -15.4626
-77.9395 -15.8013
-77.8118 -16.1539
-77.6707 -16.5211
-77.5138 -16.9036
-77.3388 -17.302
-76.711 -17.6181
-74.5546 -17.5923
-72.3764 -17.5601
-70.1711 -17.5197
-67.932 -17.4685
-65.65 -17.4027
-63.313 -17.3173
-60.905 -17.2049
-58.404 -17.0546
-55.7796 -16.8505
-52.9891 -16.5683
-49.9719 -16.1702
-46.6403 -15.5959
-42.866 -14.7467
-38.4592 -13.4564
-33.1382 -11.4368
-26.4905 -8.17316
-17.9409 -2.72626
-6.80258 6.63211
7.33046 22.9897
23.1544 51.2081
34.1883 96.0503
25.6496 152.668
-14.0245 192.356
-65.226 181.227
-92.5596 129.839
-91.1215 76.0229
-76.8647 38.1313
-61.3339 15.3338
-48.3899 2.25992
-38.3676 -5.25418
-30.6581 -9.67521
-24.6007 -12.3583
-19.6867 -14.0403
-15.5607 -15.128
-11.9822 -15.8519
-8.78912 -16.3466
-5.87136 -16.6926
-3.15341 -16.9399
-78.6625 -13.0226
-78.5933 -13.2838
-78.5181 -13.5553
-78.4362 -13.8376
-78.3467 -14.1313
-78.2486 -14.437
-78.1407 -14.7554
-78.0214 -15.0872
-77.889 -15.4329
-77.7414 -15.7933
-77.5759 -16.1691
-76.6981 -16.4135
-74.5385 -16.3912
-72.3563 -16.3634
-70.1457 -16.3284
-67.8995 -16.2839
-65.608 -16.2265
-63.258 -16.1518
-60.832 -16.0529
-58.3054 -15.9201
-55.6441 -15.7385
-52.7992 -15.4855
-49.6998 -15.1252
-46.2408 -14.5992
-42.263 -13.8099
-37.5207 -12.5878
-31.6269 -10.6273
-23.965 -7.35452
-13.5551 -1.64706
1.08852 8.77043
21.8435 28.5812
49.4063 67
76.5987 138.311
74.0504 246.124
2.24649 333.963
-99.623 308.277
-141.686 200.232
-126.975 104.933
-97.706 48.5565
-72.6966 19.07
-54.6054 3.81355
-41.8686 -4.33142
-32.7053 -8.87571
-25.8444 -11.5285
-20.4699 -13.144
-16.0704 -14.1659
-12.3238 -14.8345
-9.02412 -15.2853
-6.03689 -15.5972
-3.27249 -15.8182
-78.8111 -12.0836
-78.7477 -12.3272
-78.6786 -12.5806
-78.6032 -12.8441
-78.5206 -13.1184
-78.4297 -13.4041
-78.3294 -13.7018
-78.2181 -14.0122
-78.0941 -14.336
-77.9553 -14.6738
-77.799 -15.0263
-76.6871 -15.2097
-74.5249 -15.1912
-72.3392 -15.1682
-70.1241 -15.139
-67.8718 -15.1019
-65.572 -15.0539
-63.2108 -14.9912
-60.7689 -14.9079
-58.2197 -14.7955
-55.5256 -14.641
-52.6318 -14.4243
-49.4577 -14.113
-45.8809 -13.654
-41.7114 -12.9563
-36.6449 -11.8577
-30.1789 -10.056
-21.4577 -6.95755
-8.98253 -1.32612
9.90546 9.57626
39.7584 32.1795
86.8239 82.0431
150.341 193.864
180.276 410.551
44.2051 633.111
-184.389 563.446
-239.943 311.09
-184.175 138.465
-125.577 57.1622
-86.1145 21.0421
-61.3403 4.29558
-45.4408 -4.00806
-34.7064 -8.41084
-27.0225 -10.8898
-21.1945 -12.3602
-16.5335 -13.2722
-12.6299 -13.86
-9.23238 -14.2516
-6.18229 -14.5202
-3.37632 -14.709
-78.9492 -11.1395
-78.8912 -11.3653
-78.828 -11.6001
-78.7587 -11.8445
-78.6825 -12.099
-78.5985 -12.3642
-78.5053 -12.6408
-78.4017 -12.9294
-78.2857 -13.2307
-78.1553 -13.5454
-78.0079 -13.8741
-76.6782 -14.0067
-74.5139 -13.9923
-72.3254 -13.9742
-70.1065 -13.9514
-67.8493 -13.9222
-65.5427 -13.8844
-63.1525 -13.7462
-60.6909 -13.5762
-58.1362 -13.4268
-55.4361 -13.2978
-52.5169 -13.1735
-49.2767 -13.0184
-45.5749 -12.7566
-41.2361 -12.1818
-35.877 -11.2639
-28.8796 -9.73004
-19.1352 -7.02334
-4.55118 -1.92101
19.0351 8.50382
60.2744 31.9881
136.997 91.2103
276.89 256.861
437.444 709.145
179.507 1386.72
-435.306 1148.02
-445.581 478.919
-271.99 169.252
-160.357 60.4634
-100.795 20.1257
-68.1099 3.3719
-48.8338 -4.37796
-36.5342 -8.30281
-28.0688 -10.4439
-21.8251 -11.6856
-16.9303 -12.4429
-12.8889 -12.925
-9.40703 -13.243
-6.30329 -13.4594
-3.46221 -13.6106
-79.0766 -10.1907
-79.0238 -10.3983
-78.966 -10.6143
-78.9024 -10.8392
-78.8323 -11.0736
-78.7546 -11.318
-78.6683 -11.573
-78.5718 -11.8394
-78.4635 -12.1177
-78.3411 -12.4087
-78.2022 -12.7131
-76.6716 -12.8043
-74.5056 -12.7941
-72.315 -12.7813
-70.0933 -12.7651
-67.8031 -12.6732
-65.4329 -12.4447
-63.0353 -12.2191
-60.5899 -12.0202
-58.0576 -11.8681
-55.3776 -11.771
-52.4644 -11.7182
-49.2027 -11.6763
-45.4309 -11.5875
-40.9048 -11.3651
-35.2626 -10.7922
-27.8199 -9.63228
-17.1898 -7.54324
-0.693242 -3.48739
27.463 5.1789
81.076 26.1643
196.669 86.1625
477.279 298.779
1110.88 1218.64
806.784 3894.99
-1396.19 2722.38
-872.973 684.213
-393.437 178.449
-198.744 53.8492
-115.051 15.3343
-74.1952 0.854966
-51.7372 -5.45789
-38.0472 -8.53687
-28.9152 -10.1746
-22.3265 -11.1075
-17.2419 -11.6693
-13.0905 -12.0234
-9.54186 -12.2552
-6.39616 -12.4121
-3.5278 -12.5212
-79.1933 -9.23747
-79.1452 -9.42659
-79.0924 -9.62349
-79.0341 -9.82864
-78.9696 -10.0425
-78.898 -10.2658
-78.818 -10.4989
-78.7282 -10.7425
-78.6271 -10.9974
-78.5123 -11.2642
-78.3815 -11.5438
-76.6673 -11.6023
-74.5002 -11.5964
-72.3082 -11.589
-70.0166 -11.4507
-67.6489 -11.1709
-65.2737 -10.8681
-62.8885 -10.5734
-60.4738 -10.325
-57.9856 -10.1587
-55.3522 -10.0949
-52.4734 -10.1286
-49.2189 -10.227
-45.4131 -10.3331
-40.7952 -10.3702
-34.9334 -10.2367
-27.0839 -9.71893
-15.8114 -8.44509
2.12156 -5.92107
33.9001 -0.354704
98.2283 13.8564
253.282 58.6745
730.979 254.688
2775.78 1716.64
6580.98 17619.3
-6464.13 7343.29
-1625.42 740.787
-526.72 137.176
-232.793 33.8471
-126.392 6.4072
-78.7467 -3.15836
-53.8278 -7.15489
-39.1099 -9.05352
-29.4994 -10.046
-22.6685 -10.6047
-17.4525 -10.9381
-13.2257 -11.147
-9.63185 -11.283
-6.45787 -11.3747
-3.57124 -11.4383
-79.2991 -8.28021
-79.2553 -8.45064
-79.2071 -8.62817
-79.1537 -8.81326
-79.0944 -9.00637
-79.0282 -9.20806
-78.9541 -9.41888
-78.8707 -9.63945
-78.7762 -9.87046
-78.6687 -10.1126
-78.5455 -10.3668
-76.6653 -10.4006
-74.4978 -10.3991
-72.2225 -10.2722
-69.8349 -9.95588
-67.4421 -9.57884
-65.0599 -9.16734
-62.6946 -8.76707
-60.3298 -8.43771
-57.9156 -8.2383
-55.3652 -8.20721
-52.5585 -8.34652
-49.3469 -8.61989
-45.5434 -8.96483
-40.8811 -9.31059
-34.9192 -9.5903
-26.8519 -9.73894
-15.1507 -9.59317
3.49489 -8.93667
37.1305 -7.46678
107.265 -3.61558
286.057 9.15494
913.311 72.027
5063.85 773.669
208660 139117
-29303 8353.72
-2348.1 262.718
-612.436 33.1434
-251.616 1.97925
-132.232 -5.64971
-81.0014 -8.21048
-54.8396 -9.25852
-39.6165 -9.75022
-29.7752 -10.0052
-22.8287 -10.1479
-17.5506 -10.2327
-13.2885 -10.2857
-9.67348 -10.3201
-6.48636 -10.3433
-3.59125 -10.3593
-79.3937 -7.31931
-79.3539 -7.47082
-79.3098 -7.62874
-79.2609 -7.79349
-79.2063 -7.96553
-79.1453 -8.14536
-79.0766 -8.33353
-78.999 -8.53065
-78.9107 -8.73738
-78.8099 -8.95447
-78.6939 -9.18275
-76.6657 -9.19887
-74.4429 -9.13333
-72.0273 -8.80902
-69.5906 -8.38614
-67.1597 -7.87288
-64.7651 -7.30321
-62.4273 -6.74278
-60.1376 -6.28322
-57.8394 -6.01995
-55.4233 -6.01902
-52.7394 -6.2905
-49.6147 -6.78656
-45.8528 -7.42682
-41.1935 -8.13596
-35.2131 -8.8773
-27.1284 -9.67993
-15.3841 -10.68
3.21525 -12.1089
36.4679 -15.0164
105.388 -22.5942
279.072 -47.4633
871.976 -166.865
4423.71 -1380.37
56383.3 -75227.7
-19488.6 -11129.2
-2168.86 -513.262
-593.622 -93.4996
-247.655 -33.5302
-131.026 -18.598
-80.5404 -13.5467
-54.634 -11.4707
-39.514 -10.4942
-29.7195 -9.9871
-22.7964 -9.70295
-17.5309 -9.53386
-13.2759 -9.42824
-9.66512 -9.35953
-6.48064 -9.3133
-3.58724 -9.28129
-79.4771 -6.35517
-79.4408 -6.48755
-79.4005 -6.62564
-79.3556 -6.76981
-79.3053 -6.92051
-79.2489 -7.07819
-79.1851 -7.24339
-79.1128 -7.4167
-79.0303 -7.59876
-78.9356 -7.79033
-78.8152 -7.99114
-76.6685 -7.99706
-74.2531 -7.71661
-71.7689 -7.29205
-69.2605 -6.72637
-66.7698 -6.02315
-64.3499 -5.22372
-62.0462 -4.42061
-59.8652 -3.75371
-57.743 -3.37672
-55.5355 -3.40034
-53.045 -3.84419
-50.0614 -4.63391
-46.3805 -5.6485
-41.7646 -6.7885
-35.8371 -8.03494
-27.8889 -9.50142
-16.5032 -11.527
1.2955 -14.9399
32.0572 -21.7089
93.2028 -38.6518
235.957 -90.5929
645.74 -303.8
2073.89 -1628.38
2933.74 -9889.14
-3728.82 -5294.02
-1342.93 -782.309
-483.988 -178.144
-222.59 -62.0513
-123.105 -29.8096
-77.4518 -18.3249
-53.2397 -13.4686
-38.8131 -11.1446
-29.3371 -9.92381
-22.5738 -9.23441
-17.3943 -8.8219
-13.1885 -8.56312
-9.60709 -8.39426
-6.44091 -8.28036
-3.55932 -8.20131
-79.5493 -5.38817
-79.516 -5.50125
-79.479 -5.6193
-79.4377 -5.74268
-79.3912 -5.87179
-79.3388 -6.00706
-79.2795 -6.14901
-79.212 -6.29818
-79.1347 -6.45522
-79.0457 -6.62087
-78.8194 -6.78556
-76.5214 -6.64989
-74.0084 -6.26747
-71.428 -5.71536
-68.8137 -4.96011
-66.2273 -3.99323
-63.7562 -2.86001
-61.4882 -1.68808
-59.4608 -0.690992
-57.6033 -0.118488
-55.7162 -0.15676
-53.5205 -0.837867
-50.7461 -2.03305
-47.1812 -3.54044
-42.6325 -5.20378
-36.8048 -7.00207
-29.1114 -9.11517
-18.3594 -12.0401
-2.10339 -16.928
24.8085 -26.546
74.3256 -48.8188
176.273 -110.011
401.909 -310.458
810.532 -1044.5
470.313 -2678.33
-910.708 -2023.05
-696.678 -637.461
-349.793 -199.507
-185.941 -77.4338
-110.488 -37.4003
-72.2945 -21.8722
-50.8442 -14.9777
-37.5866 -11.5764
-28.6594 -9.75345
-22.1757 -8.7094
-17.1486 -8.07829
-13.0303 -7.67936
-9.50168 -7.41753
-6.36854 -7.24012
-3.50832 -7.11655
-79.6099 -4.41873
-79.5794 -4.51234
-79.5453 -4.61018
-79.507 -4.71258
-79.4638 -4.81989
-79.415 -4.93252
-79.3596 -5.05094
-79.2963 -5.17569
-79.2237 -5.30738
-79.1398 -5.44674
-78.823 -5.57771
-76.3129 -5.26714
-73.6957 -4.78665
-70.9809 -4.07493
-68.2093 -3.07082
-65.4684 -1.7398
-62.8968 -0.121136
-60.6541 1.61494
-58.8395 3.14197
-57.3816 4.04733
-55.9889 4.01091
-54.2401 2.98249
-51.7621 1.19782
-48.3367 -0.988554
-43.8487 -3.31201
-38.1273 -5.72498
-30.7502 -8.4548
-20.7992 -12.1038
-6.43936 -17.9765
15.9435 -29.0439
53.2535 -52.5948
118.903 -109.269
227.285 -256.099
324.155 -609.339
113.946 -1065.6
-317.095 -912.298
-359.349 -436.216
-238.844 -180.169
-148.112 -80.2287
-95.846 -40.8215
-65.8897 -23.8522
-47.7411 -15.8254
-35.9528 -11.7008
-27.7389 -9.42824
-21.6275 -8.10109
-16.8066 -7.28734
-12.8085 -6.76741
-9.35295 -6.42335
-6.26591 -6.18869
-3.43572 -6.02439
-79.6591 -3.44726
-79.6308 -3.52127
-79.5991 -3.59875
-79.5634 -3.67999
-79.5231 -3.76531
-79.4773 -3.8551
-79.4253 -3.94977
-79.3656 -4.04983
-79.2971 -4.15588
-79.2178 -4.26862
-78.6624 -4.24867
-76.0561 -3.87276
-73.3012 -3.27787
-70.3993 -2.37046
-67.3945 -1.04422
-64.4038 0.786316
-61.64 3.11198
-59.3845 5.719
-57.8584 8.10883
-57.0111 9.58487
-56.3957 9.57804
-55.3312 8.00785
-53.2625 5.32027
-49.9736 2.15359
-45.4888 -1.03974
-39.8213 -4.16269
-32.7497 -7.48374
-23.6442 -11.6717
-11.2523 -18.0436
6.63954 -29.3019
33.4321 -51.3046
72.957 -97.3575
121.105 -193.953
134.687 -364.711
25.1911 -525.117
-146.557 -476.23
-199.084 -288.492
-162.151 -147.046
-115.468 -74.6782
-81.4456 -40.6485
-59.0624 -24.2762
-44.256 -15.9577
-34.0519 -11.4734
-26.641 -8.91895
-20.9617 -7.39099
-16.3855 -6.43733
-12.5325 -5.81974
-9.16637 -5.40676
-6.13633 -5.12275
-3.34358 -4.92259
-79.6968 -2.47418
-79.6702 -2.52847
-79.6404 -2.58546
-79.6068 -2.6454
-79.5688 -2.70859
-79.5256 -2.77535
-79.4763 -2.84608
-79.4198 -2.92123
-79.3547 -3.00138
-79.2794 -3.08718
-78.472 -2.91901
-75.7454 -2.47304
-72.8104 -1.74903
-69.6506 -0.607976
-66.3019 1.12746
-62.9087 3.6365
-59.786 6.99217
-57.4178 10.9588
-56.2689 14.7818
-56.372 17.2565
-57.0138 17.3279
-57.0197 14.8585
-55.5055 10.7176
-52.2928 6.07383
-47.6665 1.68671
-41.9173 -2.29218
-35.0576 -6.19845
-26.725 -10.7618
-16.1465 -17.2329
-2.13775 -27.8552
16.6036 -46.8524
39.5521 -81.6598
59.8129 -142.767
53.8162 -229.212
-4.78834 -295.732
-84.8865 -276.592
-121.573 -193.147
-113.096 -114.639
-90.0247 -65.1578
-68.6633 -37.9692
-52.459 -23.3966
-40.6836 -15.4215
-32.0225 -10.893
-25.4341 -8.21562
-20.2136 -6.56972
-15.9047 -5.52111
-12.2133 -4.83122
-8.94841 -4.36414
-5.98373 -4.03976
-3.23435 -3.80931
-79.7227 -1.4999
-79.6975 -1.53438
-79.6692 -1.57079
-79.6372 -1.60933
-79.6009 -1.65025
-79.5597 -1.69384
-79.5126 -1.74046
-79.4587 -1.79052
-79.3965 -1.84454
-79.2447 -1.85953
-78.2513 -1.59432
-75.3768 -1.07708
-72.2104 -0.213657
-68.6999 1.19665
-64.8496 3.43852
-60.8128 6.85522
-57.03 11.7078
-54.3158 17.822
-53.622 24.0868
-55.2396 28.3661
-57.9922 28.6064
-59.7227 24.5513
-58.9366 17.9592
-55.6134 11.0088
-50.5507 4.93278
-44.4665 -0.115072
-37.6334 -4.62805
-29.9035 -9.44205
-20.8398 -15.7317
-9.90538 -25.2664
3.07243 -40.8283
16.3904 -66.2308
24.4427 -104.683
15.8012 -150.927
-17.0907 -182.125
-58.6066 -173.467
-82.0831 -132.549
-82.4746 -87.7402
-71.2819 -54.6291
-58.0403 -33.8641
-46.4826 -21.5668
-37.2483 -14.3274
-29.9837 -9.99155
-24.1818 -7.32498
-19.4184 -5.63646
-15.3839 -4.53602
-11.8625 -3.79915
-8.70607 -3.29325
-5.81247 -2.93795
-3.11083 -2.68322
-79.737 -0.524852
-79.7127 -0.539462
-79.6853 -0.555211
-79.6544 -0.572267
-79.6194 -0.59083
-79.5796 -0.611149
-79.5342 -0.633525
-79.4821 -0.658334
-79.4221 -0.686047
-79.1205 -0.60335
-78.0018 -0.281383
-74.9498 0.303007
-71.4925 1.30792
-67.5144 3.01354
-62.9437 5.85919
-57.8894 10.4615
-52.9097 17.4724
-49.3288 27.0154
-49.0727 37.5662
-53.1671 45.2515
-59.6336 45.8428
-64.2434 38.8128
-64.3416 27.8961
-60.4412 17.2413
-54.3831 8.73725
-47.5429 2.33253
-40.4521 -2.83265
-33.081 -7.81148
-25.1662 -13.7525
-16.4995 -22.0391
-7.35032 -34.4237
0.624649 -52.6889
3.57823 -77.1565
-3.64614 -103.252
-22.8696 -119.332
-45.9745 -114.976
-60.7631 -93.2413
-63.3079 -66.7468
-57.8585 -44.6349
-49.5721 -29.1556
-41.3173 -19.1333
-34.0952 -12.8116
-28.0262 -8.82087
-22.9378 -6.26598
-18.6075 -4.59738
-14.8419 -3.48342
-11.4915 -2.72315
-8.44643 -2.1932
-5.62705 -1.81638
-2.97593 -1.54349
-79.7396 0.450541
-79.7157 0.455839
-79.6888 0.460792
-79.6585 0.465274
-79.6242 0.469131
-79.5852 0.472164
-79.5409 0.474118
-79.49 0.474669
-79.4317 0.4734
-78.9674 0.641977
-77.728 1.01206
-74.4687 1.65233
-70.6555 2.78787
-66.07 4.79456
-60.4883 8.32137
-53.853 14.4149
-46.734 24.4835
-41.1511 39.538
-40.9507 57.8685
-49.2015 72.3501
-62.5935 73.6905
-72.2087 60.6883
-73.1359 41.7896
-67.5656 25.0674
-59.4894 13.0753
-51.2363 4.96542
-43.4979 -0.901629
-36.193 -5.98409
-29.0528 -11.4938
-21.9548 -18.5541
-15.232 -28.2612
-10.088 -41.3765
-9.10592 -57.2388
-14.3264 -72.6944
-25.868 -81.6216
-39.3212 -79.243
-48.608 -66.9186
-51.1203 -50.6762
-48.3471 -35.7851
-42.9888 -24.3705
-36.9924 -16.3791
-31.2979 -11.0073
-26.2102 -7.44069
-21.743 -5.06476
-17.8072 -3.46364
-14.2952 -2.36778
-11.1108 -1.60481
-8.17628 -1.0643
-5.43189 -0.674879
-2.83259 -0.38976
-79.7305 1.42585
-79.7065 1.45107
-79.6796 1.47674
-79.6494 1.50278
-79.6152 1.52909
-79.5766 1.55551
-79.5326 1.58185
-79.4824 1.60783
-79.4249 1.6331
-78.7901 1.87178
-77.4373 2.278
-73.9445 2.95416
-69.7108 4.19155
-64.3629 6.47075
-57.4064 10.7022
-48.3788 18.5609
-37.5084 32.8155
-27.4854 56.7099
-25.7732 89.6705
-41.1315 118.687
-68.4171 121.74
-87.1145 95.7639
-87.9126 61.4377
-78.1802 34.6881
-66.2679 17.7937
-55.6297 7.63057
-46.7513 1.04823
-39.197 -4.07644
-32.4866 -9.12066
-26.4017 -15.0656
-21.1515 -22.627
-17.5087 -32.0763
-17.0667 -42.6143
-20.5486 -52.1676
-27.5468 -57.4292
-35.557 -56.0441
-41.3335 -48.6674
-43.2035 -38.3632
-41.6081 -28.1965
-37.9405 -19.799
-33.4472 -13.5077
-28.8772 -9.02799
-24.5691 -5.90922
-20.6252 -3.75015
-17.0375 -2.24924
-13.7578 -1.19581
-10.7297 -0.447199
-7.90178 0.0920994
-5.23116 0.486076
-2.68366 0.777877
-79.7097 2.40065
-79.6852 2.44577
-79.6578 2.49215
-79.6271 2.53974
-79.5925 2.5885
-79.5535 2.63831
-79.5094 2.68905
-79.4592 2.74049
-79.3174 2.81712
-78.595 3.08195
-77.1412 3.50908
-73.396 4.19168
-68.6869 5.48023
-62.4238 7.95396
-53.6778 12.8118
-41.169 22.5553
-23.9139 42.1869
-4.3186 79.9758
4.15425 141.377
-23.247 204.279
-81.1663 211.681
-117.006 154.671
-113.445 89.1239
-93.9707 45.9438
-75.1226 22.5129
-60.7549 10.0901
-50.1679 2.87744
-42.0563 -2.19858
-35.4846 -6.75898
-29.9984 -11.7259
-25.5987 -17.6096
-22.6991 -24.4768
-22.2194 -31.6504
-24.3571 -37.7804
-28.5451 -41.0375
-33.3018 -40.1877
-36.7916 -35.5683
-37.9409 -28.8228
-36.8041 -21.7693
-34.0924 -15.5726
-30.5802 -10.6514
-26.8193 -6.96175
-23.1154 -4.27771
-19.6012 -2.35029
-16.3128 -0.969239
-13.2401 0.0245853
-10.3558 0.745554
-7.62833 1.27391
-5.02863 1.66546
-2.53176 1.95896
-79.6771 3.37451
-79.6516 3.43949
-79.6232 3.50654
-79.5916 3.57564
-79.5561 3.64681
-79.5162 3.71999
-79.4712 3.79509
-79.4204 3.87198
-79.1885 3.99244
-78.3903 4.26951
-76.8544 4.69978
-72.8504 5.35063
-67.6331 6.61659
-60.3336 9.14604
-49.3929 14.3961
-32.1017 25.7921
-4.49546 51.5429
35.0485 109.969
66.8215 227.87
21.3853 378.684
-113.204 398.917
-181.843 258.067
-158.3 126.777
-116.987 57.7757
-86.2903 26.5179
-66.5243 12.0204
-53.6557 4.43586
-44.7265 -0.445848
-38.0722 -4.49724
-32.8941 -8.6141
-28.9535 -13.1958
-26.3762 -18.2396
-25.6512 -23.2354
-26.7872 -27.2996
-29.1686 -29.4
-31.8856 -28.8557
-33.8494 -25.8504
-34.3614 -21.3074
-33.3463 -16.3308
-31.1612 -11.7294
-28.2797 -7.88741
-25.0915 -4.87171
-21.8467 -2.58793
-18.6782 -0.890491
-15.6417 0.361669
-12.75 1.28503
-9.99508 1.96875
-7.36038 2.47853
-4.82754 2.86184
-2.37927 3.15273
-79.6329 4.347
-79.606 4.43178
-79.5761 4.51942
-79.5429 4.60997
-79.5059 4.70348
-79.4646 4.79995
-79.4182 4.89936
-79.366 5.00163
-79.0529 5.1548
-78.1847 5.4331
-76.594 5.84769
-72.3426 6.42252
-66.6197 7.57284
-58.2335 9.95819
-44.812 15.1734
-21.4795 27.3985
21.6293 58.5092
100.35 143.708
205.917 372.385
153.275 783.516
-210.696 850.583
-334.768 444.531
-236.397 172.657
-148.86 67.4021
-99.5199 28.7143
-72.648 13.0509
-57.0556 5.58618
-47.1466 1.11014
-40.2707 -2.38995
-35.2141 -5.76062
-31.4965 -9.32649
-29.0214 -13.0669
-27.9973 -16.6175
-28.3937 -19.3904
-29.574 -20.7925
-30.9608 -20.4311
-31.8814 -18.411
-31.8731 -15.2724
-30.8287 -11.7021
-28.9223 -8.25742
-26.4409 -5.25457
-23.6526 -2.79997
-20.7518 -0.87188
-17.8568 0.607866
-15.0288 1.73004
-12.2924 2.57734
-9.65201 3.2175
-7.10148 3.70305
-4.63064 4.07351
-2.22823 4.3582
-79.5771 5.3177
-79.5482 5.42219
-79.5164 5.53032
-79.4811 5.64221
-79.4421 5.75795
-79.3987 5.87761
-79.3502 6.00122
-79.296 6.12878
-78.915 6.30434
-77.9872 6.57331
-76.3784 6.95456
-71.9113 7.40777
-65.7329 8.34013
-56.3216 10.3394
-40.3981 14.9157
-10.3184 26.412
53.2178 59.1793
200.54 168.747
523.835 591.331
653.094 1905.46
-607.423 2207.24
-720.877 766.626
-364.017 212.678
-188.75 69.7212
-113.655 27.8134
-78.5787 12.863
-60.1406 6.23921
-49.2396 2.43114
-42.093 -0.461422
-37.0566 -3.16469
-33.43 -5.92684
-30.9496 -8.7196
-29.6395 -11.2852
-29.4886 -13.2255
-29.8467 -14.1896
-30.3365 -13.9421
-30.5277 -12.5453
-30.1076 -10.3269
-28.9731 -7.72421
-27.2038 -5.12159
-24.9723 -2.76715
-22.4604 -0.772372
-19.8142 0.847219
-17.1329 2.12759
-14.475 3.12421
-11.8701 3.89394
-9.32952 4.487
-6.85429 4.94448
-4.44009 5.29863
-2.08036 5.57422
-79.5097 6.28619
-79.4784 6.41026
-79.4441 6.53877
-79.4064 6.67187
-79.3647 6.8097
-79.3186 6.95241
-79.2675 7.10007
-79.2106 7.25275
-78.7791 7.44217
-77.8061 7.69289
-76.2248 8.02686
-71.5949 8.31777
-65.0632 8.93629
-54.8267 10.3058
-36.7777 13.5644
-0.458518 22.2212
84.9103 49.332
328.528 158.203
1194.81 792.432
3393.71 5762.17
-3246.95 7981.22
-1670.67 1160.6
-539.162 208.85
-230.2 58.5725
-126.402 22.8978
-83.5458 11.3427
-62.6428 6.39218
-50.9223 3.52001
-43.5458 1.29048
-38.4968 -0.806011
-34.8986 -2.92095
-32.3688 -5.01065
-30.8137 -6.88675
-30.2548 -8.27505
-30.0356 -8.9552
-29.9031 -8.78122
-29.5733 -7.79145
-28.8313 -6.19095
-27.5885 -4.26455
-25.8764 -2.27915
-23.7978 -0.424691
-21.475 1.19696
-19.0157 2.55346
-16.4997 3.65549
-13.9791 4.53447
-11.484 5.22814
-9.02938 5.77277
-6.62063 6.19988
-4.25755 6.53529
-1.93706 6.79958
-79.4308 7.25204
-79.3967 7.39555
-79.3595 7.54428
-79.3186 7.69843
-79.2738 7.85819
-79.2245 8.02375
-79.1701 8.19528
-79.1098 8.3729
-78.6482 8.5703
-77.6478 8.79649
-76.0277 9.06178
-71.4249 9.17495
-64.6887 9.40845
-53.9609 9.95827
-34.5968 11.3281
5.81856 15.1366
107.101 27.8474
437.599 85.6473
2139.97 558.777
24509.3 16387.4
-43891.7 43842.4
-3284.16 930.282
-698.307 114.927
-260.128 31.5714
-134.765 14.2383
-86.7327 8.71846
-64.3113 6.15206
-52.124 4.42223
-44.6361 2.88981
-39.5932 1.34734
-36.0062 -0.238168
-33.4186 -1.79572
-31.6695 -3.17687
-30.8035 -4.19015
-30.1698 -4.68081
-29.5946 -4.55565
-28.8858 -3.839
-27.8925 -2.66283
-26.5427 -1.21656
-24.8436 0.312756
-22.856 1.78134
-20.6614 3.10193
-18.3381 4.23665
-15.9487 5.18183
-13.5378 5.95303
-11.1336 6.57418
-8.75232 7.07079
-6.40166 7.46648
-4.08421 7.78164
-1.7994 8.03304
-79.3406 8.21486
-79.3032 8.37763
-79.2625 8.5464
-79.2181 8.72139
-79.1696 8.90288
-79.1164 9.09109
-79.0581 9.28625
-78.9938 9.48856
-78.5242 9.69131
-77.5163 9.89017
-75.8853 10.0799
-71.4203 10.0103
-64.658 9.82764
-53.8617 9.47225
-34.3048 8.68542
6.73836 6.63698
110.593 -0.0124226
456.62 -30.3537
2356.17 -292.695
41780.9 -13937.5
-113411 -56667.8
-3697.51 -511.409
-727.221 -47.5894
-265.196 -4.41599
-136.34 3.71532
-87.5637 5.57732
-64.9852 5.72487
-52.8069 5.21783
-45.3779 4.37614
-40.3937 3.33315
-36.829 2.18436
-34.1948 1.03653
-32.3041 0.0179885
-31.2045 -0.734802
-30.2671 -1.09581
-29.3703 -1.00394
-28.3808 -0.475052
-27.191 0.403769
-25.7435 1.50408
-24.0341 2.6934
-22.0979 3.86333
-19.9891 4.94166
-17.764 5.89087
-15.4712 6.69978
-13.1473 7.37389
-10.8177 7.92734
-8.49831 8.37752
-6.19794 8.74178
-3.92082 9.03589
-1.66814 9.27337
-79.239 9.17422
-79.1979 9.35607
-79.1533 9.54466
-79.1049 9.74029
-79.0521 9.94325
-78.9946 10.1539
-78.9317 10.3724
-78.8627 10.5991
-78.4076 10.8081
-77.4122 10.9806
-75.8101 11.0972
-71.5839 10.8586
-64.9782 10.276
-54.5504 9.05933
-35.9724 6.25352
2.00742 -1.13012
93.735 -24.531
370.397 -122.781
1507.85 -774.118
6422.92 -8632.97
-6873.75 -13621.9
-2171.14 -1198.84
-600.077 -172.431
-242.948 -35.668
-130.726 -5.84155
-85.952 2.69402
-64.649 5.36573
-52.9811 6.00393
-45.7982 5.79653
-40.9413 5.19046
-37.4249 4.401
-34.7644 3.57206
-32.7822 2.82239
-31.5029 2.25415
-30.3392 1.98385
-29.2041 2.05251
-28.0034 2.44951
-26.6591 3.1161
-25.1259 3.9636
-23.3947 4.89712
-21.485 5.83494
-19.4327 6.71844
-17.2781 7.51323
-15.0583 8.20482
-12.8031 8.79252
-10.5343 9.28379
-8.26672 9.68998
-6.00954 10.0235
-3.76781 10.2964
-1.54383 10.5194
-79.1263 10.1297
-79.081 10.3304
-79.0321 10.5386
-78.9791 10.7546
-78.9216 10.9788
-78.8591 11.2115
-78.791 11.4531
-78.7168 11.7039
-78.2974 11.9234
-77.333 12.0741
-75.7965 12.1278
-71.9016 11.7527
-65.6133 10.8298
-55.9243 8.91259
-39.2615 4.57778
-7.00942 -6.36879
63.8939 -38.3978
241.082 -152.239
699.396 -654.245
1088.53 -2667.76
-980.313 -3217.47
-954.126 -887.167
-419.586 -202.486
-204.202 -52.1937
-119.789 -12.1023
-82.3422 0.748187
-63.4411 5.30777
-52.7068 6.87269
-45.9383 7.19689
-41.2771 6.95575
-37.8398 6.45747
-35.1764 5.8774
-33.1475 5.32703
-31.7285 4.89188
-30.3934 4.68632
-29.0788 4.73845
-27.717 5.04102
-26.2505 5.55358
-24.6436 6.21386
-22.8857 6.95317
-20.987 7.70968
-18.9711 8.43635
-16.8667 9.10297
-14.7019 9.69416
-12.5004 10.2057
-10.2809 10.6405
-8.05655 11.0057
-5.83621 11.3098
-3.62529 11.5618
-1.42676 11.7701
-79.0026 11.081
-78.9527 11.3003
-78.8989 11.5278
-78.8409 11.7639
-78.7781 12.009
-78.7101 12.2635
-78.6364 12.5278
-78.5562 12.8023
-78.191 13.0396
-77.2735 13.1761
-75.8325 13.1834
-72.345 12.7182
-66.4929 11.5453
-57.7896 9.1602
-43.566 3.96303
-18.075 -8.37435
31.3115 -40.8103
129.163 -135.422
283.821 -419.187
248.056 -1013.67
-284.47 -1120.33
-426.911 -517.654
-274.268 -171.523
-163.271 -53.6923
-106.506 -14.2579
-77.5152 0.100981
-61.6112 5.70237
-52.0831 7.89209
-45.8515 8.61475
-41.4416 8.65998
-38.1118 8.39118
-35.4676 8.00395
-33.4303 7.59878
-31.9017 7.2612
-30.4348 7.10267
-28.9831 7.14281
-27.4966 7.37659
-25.9327 7.77564
-24.2633 8.29556
-22.4776 8.88605
-20.5804 9.50016
-18.5871 10.1003
-16.518 10.6607
-14.3943 11.1663
-12.2349 11.6112
-10.0551 11.9953
-7.86652 12.3227
-5.67741 12.5989
-3.49316 12.8307
-1.31706 13.0244
-78.868 12.0276
-78.813 12.2653
-78.754 12.5118
-78.6905 12.7677
-78.622 13.0334
-78.548 13.3093
-78.4679 13.596
-78.3812 13.8938
-78.085 14.158
-77.2263 14.2898
-75.9021 14.2711
-72.8771 13.7702
-67.5285 12.45
-59.9165 9.84571
-48.2313 4.43197
-29.1272 -7.51023
2.94479 -35.4217
52.756 -102.487
100.481 -249.879
48.8382 -457.586
-135.093 -487.392
-220.161 -291.286
-181.704 -124.982
-128.981 -45.7681
-93.5039 -12.9128
-72.2927 0.749958
-59.4481 6.59516
-51.228 9.09577
-45.5975 10.0747
-41.4742 10.3269
-38.2732 10.2316
-35.6665 9.99131
-33.6517 9.68765
-32.0362 9.42263
-30.4669 9.29881
-28.9088 9.33013
-27.3248 9.51301
-25.6828 9.82723
-23.9604 10.2407
-22.1479 10.7162
-20.2467 11.2178
-18.2666 11.7156
-16.2221 12.1879
-14.129 12.6208
-12.0021 13.0076
-9.8542 13.3465
-7.69518 13.6393
-5.53244 13.8896
-3.37115 14.102
-1.21469 14.2815
-78.7226 12.9693
-78.6623 13.225
-78.5976 13.4903
-78.5281 13.7656
-78.4533 14.0515
-78.3728 14.3485
-78.2859 14.6571
-78.192 14.9777
-77.9752 15.2793
-77.1827 15.4169
-75.9872 15.3935
-73.4584 14.9127
-68.6303 13.5432
-62.0921 10.9374
-52.7302 5.79946
-38.8691 -4.68344
-18.7889 -26.4877
5.79963 -70.5589
19.043 -146.918
-14.035 -230.383
-90.0803 -240.963
-134.993 -165.519
-128.024 -83.9471
-103.693 -34.1703
-82.3154 -9.30722
-67.313 2.43884
-57.213 7.9404
-50.257 10.4834
-45.2352 11.5872
-41.4117 11.9726
-38.3519 12.0012
-35.7958 11.8697
-33.8271 11.6314
-32.1421 11.4211
-30.4921 11.3233
-28.8505 11.348
-27.1894 11.4927
-25.4842 11.7427
-23.7173 12.0745
-21.8797 12.4603
-19.9713 12.8725
-17.9981 13.2873
-15.9703 13.6864
-13.8998 14.0577
-11.7982 14.3941
-9.67582 14.6929
-7.54104 14.9544
-5.40046 15.1806
-3.25884 15.3748
-1.11952 15.5406
-78.5668 13.9055
-78.5006 14.179
-78.4298 14.4627
-78.3539 14.7571
-78.2724 15.0629
-78.1848 15.3805
-78.0906 15.7105
-77.989 16.0536
-77.8575 16.4031
-77.1342 16.5566
-76.0703 16.5487
-74.0521 16.1397
-69.7217 14.8022
-64.1546 12.3555
-56.7353 7.79018
-46.7891 -0.828883
-34.2792 -16.9125
-21.9987 -44.9804
-19.1505 -85.6258
-38.1362 -123.123
-73.31 -127.571
-96.9884 -94.6895
-97.6801 -52.973
-86.2925 -22.4287
-73.4466 -4.62845
-62.9506 4.81545
-55.0994 9.63702
-49.2672 12.029
-44.8172 13.1509
-41.2868 13.6061
-38.3714 13.7162
-35.874 13.662
-33.9673 13.459
-32.2263 13.2904
-30.512 13.2123
-28.8042 13.232
-27.0815 13.3477
-25.3249 13.5485
-23.5203 13.8171
-21.6601 14.1324
-19.7429 14.4731
-17.7724 14.8202
-15.7558 15.1586
-13.7018 15.4776
-11.6197 15.7704
-9.51755 16.0338
-7.40262 16.267
-5.28058 16.4712
-3.15575 16.6483
-1.0313 16.801
-78.4005 14.8361
-78.3282 15.1269
-78.2509 15.4287
-78.1681 15.7419
-78.0795 16.067
-77.9844 16.4048
-77.8823 16.7558
-77.7724 17.1207
-77.654 17.5002
-77.0728 17.7067
-76.136 17.7315
-74.6278 17.4383
-70.7458 16.1919
-66.0032 14.0021
-60.1053 10.1346
-52.899 3.35242
-44.9053 -8.13114
-38.4026 -25.8748
-38.2224 -48.3114
-48.745 -66.7226
-66.1018 -68.8496
-78.6719 -53.0987
-80.4237 -30.7815
-74.7285 -12.0712
-66.7756 0.289567
-59.3485 7.55155
-53.2232 11.5665
-48.3293 13.6924
-44.386 14.7557
-41.1272 15.2306
-38.3513 15.3875
-35.9156 15.3853
-34.0805 15.1926
-32.2939 15.0563
-30.528 14.9934
-28.7671 15.0093
-26.9948 15.1026
-25.196 15.2653
-23.3597 15.4845
-21.4791 15.7439
-19.5525 16.0271
-17.5819 16.3189
-15.5724 16.6067
-13.5305 16.8813
-11.4632 17.1364
-9.37718 17.3686
-7.27845 17.5766
-5.17188 17.7606
-3.06134 17.9218
-0.949753 18.0621
-78.2241 15.7605
-78.1452 16.0685
-78.061 16.3879
-77.9711 16.7194
-77.8748 17.0636
-77.7718 17.4211
-77.6613 17.7926
-77.5426 18.1788
-77.415 18.5804
-76.9918 18.8634
-76.172 18.9343
-75.0287 18.757
-71.667 17.6729
-67.5915 15.7841
-62.8296 12.6196
-57.4589 7.43539
-52.0694 -0.627139
-48.2097 -11.9024
-48.3238 -24.7601
-53.9221 -34.4722
-62.6752 -35.6016
-69.241 -27.4894
-70.4194 -15.0387
-67.1524 -3.476
-61.9198 4.97719
-56.4961 10.3991
-51.6342 13.6199
-47.4869 15.4299
-43.9724 16.3871
-40.9542 16.8455
-38.3073 17.0226
-36.0231 17.0125
-34.1726 16.8498
-32.3487 16.7387
-30.541 16.6875
-28.7371 16.7004
-26.9243 16.7763
-25.0909 16.9093
-23.2276 17.0894
-21.329 17.3043
-19.393 17.541
-17.4206 17.7873
-15.4153 18.033
-13.3819 18.2698
-11.3259 18.4924
-9.25271 18.6972
-7.16715 18.8826
-5.07345 19.0483
-2.97502 19.1949
-0.874529 19.3236
-78.0378 16.6786
-77.952 17.0032
-77.8605 17.3399
-77.763 17.6893
-77.6587 18.052
-77.5472 18.4288
-77.4279 18.8202
-77.2999 19.2271
-77.1626 19.6504
-76.8861 20.0225
-76.1699 20.1485
-75.2057 20.0624
-72.4687 19.2087
-68.9135 17.6253
-64.971 15.1006
-60.7948 11.2109
-56.8771 5.58894
-54.1916 -1.6588
-53.9595 -9.29263
-56.6597 -14.7262
-60.924 -15.3821
-64.113 -10.964
-64.4818 -3.75753
-62.2029 3.48284
-58.4547 9.22767
-54.3035 13.1979
-50.3357 15.7114
-46.7612 17.202
-43.5962 18.0295
-40.7836 18.4481
-38.2515 18.6258
-36.124 18.5786
-34.2482 18.4443
-32.3934 18.3529
-30.5515 18.3109
-28.7127 18.3215
-26.8667 18.3838
-25.0044 18.4933
-23.1184 18.6424
-21.2038 18.8215
-19.2587 19.0203
-17.2834 19.2291
-15.2803 19.4394
-13.2529 19.6443
-11.2055 19.8387
-9.14231 20.0195
-7.06744 20.1847
-4.98441 20.3339
-2.89622 20.467
-0.805264 20.585
-77.8417 17.59
-77.7486 17.9309
-77.6496 18.2845
-77.544 18.6513
-77.4314 19.0321
-77.3111 19.4275
-77.1825 19.8384
-77.0448 20.2654
-76.8972 20.7095
-76.7389 21.1715
-76.1246 21.3654
-75.3087 21.3763
-73.1479 20.7688
-69.9874 19.4706
-66.6216 17.4928
-63.2085 14.6074
-60.1121 10.6899
-57.9227 5.96367
-57.2488 1.28271
-58.2042 -1.9103
-59.9816 -2.32249
-61.1987 0.188956
-60.8747 4.4917
-58.9587 9.0904
-56.0104 12.9899
-52.6535 15.8602
-49.3034 17.7813
-46.1564 18.9763
-43.268 19.6687
-40.6259 20.0345
-38.1928 20.1998
-36.2078 20.0985
-34.3106 19.9869
-32.4303 19.9112
-30.5602 19.8765
-28.6925 19.8853
-26.8192 19.9368
-24.9329 20.0275
-23.0274 20.1517
-21.0988 20.3018
-19.1452 20.4697
-17.1664 20.6475
-15.164 20.8281
-13.1407 21.0057
-11.0996 21.1759
-9.04434 21.3356
-6.9781 21.4829
-4.90392 21.6171
-2.82437 21.738
-0.741581 21.8459
-77.636 18.4943
-77.5355 18.8512
-77.4285 19.2212
-77.3146 19.605
-77.1932 20.0033
-77.0637 20.4169
-76.9254 20.8466
-76.7775 21.2931
-76.6193 21.7574
-76.4497 22.2404
-76.0341 22.5775
-75.3372 22.685
-73.7111 22.3302
-70.8439 21.2842
-67.8773 19.7549
-64.946 17.6284
-62.3038 14.8903
-60.3024 11.7608
-59.245 8.80604
-59.1242 6.8495
-59.4566 6.57178
-59.4833 8.0457
-58.6366 10.6809
-56.8195 13.641
-54.2974 16.2913
-51.4309 18.3483
-48.5008 19.7929
-45.666 20.7299
-42.9915 21.2931
-40.4871 21.6011
-38.2109 21.6979
-36.2779 21.5796
-34.3626 21.4863
-32.4609 21.4232
-30.5674 21.3944
-28.6758 21.4016
-26.7798 21.4445
-24.8732 21.5202
-22.9512 21.6243
-21.0103 21.7508
-19.0487 21.8932
-17.0661 22.0452
-15.0635 22.2008
-13.0428 22.3552
-11.0065 22.5044
-8.95735 22.6456
-6.89807 22.7771
-4.83117 22.8978
-2.75889 23.0075
-0.683097 23.1062
-77.4212 19.3913
-77.3127 19.7637
-77.1975 20.1497
-77.075 20.55
-76.9445 20.9654
-76.8054 21.3966
-76.6571 21.8444
-76.4986 22.3098
-76.3292 22.7936
-76.1479 23.2968
-75.8986 23.778
-75.2946 23.9777
-74.1702 23.8769
-71.5176 23.0458
-68.8242 21.8743
-66.1954 20.312
-63.8022 18.3884
-61.8528 16.2845
-60.4982 14.3703
-59.6984 13.1271
-59.1586 12.9282
-58.4459 13.8127
-57.2228 15.459
-55.3998 17.3863
-53.1014 19.1909
-50.5359 20.6555
-47.8879 21.7271
-45.2778 22.4477
-42.7655 22.8942
-40.3703 23.1449
-38.282 23.1281
-36.3368 23.0281
-34.406 22.9495
-32.4864 22.8966
-30.5734 22.8725
-28.6619 22.8786
-26.7468 22.9145
-24.8232 22.9781
-22.887 23.0658
-20.9353 23.1729
-18.9664 23.2943
-16.9799 23.4247
-14.9764 23.5592
-12.9572 23.6937
-10.9244 23.8248
-8.88002 23.9499
-6.82633 24.0673
-4.76544 24.1759
-2.69926 24.2754
-0.629438 24.3656
-77.1972 20.2807
-77.0807 20.6682
-76.957 21.0697
-76.8255 21.486
-76.6856 21.9179
-76.5366 22.3662
-76.3778 22.8316
-76.2084 23.3152
-76.0274 23.8178
-75.834 24.3404
-75.627 24.8841
-75.1864 25.2465
-74.539 25.399
-72.0418 24.746
-69.5343 23.8547
-67.0947 22.7081
-64.8366 21.3484
-62.883 19.9133
-61.3089 18.6439
-60.0717 17.8282
-58.9892 17.6782
-57.8059 18.2158
-56.317 19.2593
-54.4521 20.525
-52.2686 21.7554
-49.8871 22.7919
-47.4274 23.5771
-44.9771 24.1213
-42.5861 24.4667
-40.3121 24.6331
-38.3424 24.5338
-36.3866 24.4488
-34.4427 24.3823
-32.5078 24.3377
-30.5784 24.3174
-28.6502 24.3225
-26.7191 24.3528
-24.781 24.4065
-22.8326 24.4808
-20.8714 24.572
-18.8959 24.6759
-16.9056 24.7882
-14.9007 24.9049
-12.8823 25.0224
-10.8519 25.1377
-8.81122 25.2486
-6.762 25.3535
-4.70605 25.4514
-2.64498 25.5416
-0.580239 25.6239
-76.9645 21.1623
-76.8396 21.5643
-76.7071 21.9809
-76.5663 22.4128
-76.4167 22.8607
-76.2575 23.3254
-76.088 23.8078
-75.9072 24.3088
-75.7144 24.8295
-75.5084 25.3707
-75.2883 25.9336
-75.0196 26.4863
-74.4752 26.7614
-72.4462 26.3831
-70.0648 25.7085
-67.7438 24.8667
-65.5579 23.8992
-63.5802 22.9069
-61.8473 22.0474
-60.3238 21.4964
-58.8949 21.3784
-57.4063 21.7059
-55.7308 22.3731
-53.8171 23.2086
-51.6905 24.0471
-49.4213 24.7759
-47.0869 25.344
-44.7492 25.7473
-42.4479 26.0077
-40.3706 26.0037
-38.394 25.9185
-36.4289 25.8459
-34.4737 25.7894
-32.5259 25.7515
-30.5826 25.7343
-28.6404 25.7387
-26.6957 25.7643
-24.7453 25.8099
-22.7864 25.8732
-20.8168 25.9512
-18.8353 26.0405
-16.8412 26.1376
-14.8347 26.2391
-12.8166 26.3419
-10.7879 26.4436
-8.74993 26.5422
-6.70428 26.636
-4.65236 26.7241
-2.59557 26.8059
-0.53515 26.8812
-76.7233 22.0357
-76.5897 22.452
-76.4481 22.8831
-76.2979 23.33
-76.1383 23.7933
-75.9686 24.2739
-75.788 24.7726
-75.5957 25.2904
-75.3907 25.8283
-75.1718 26.3874
-74.9381 26.9686
-74.6883 27.5733
-74.3069 28.0647
-72.7561 27.9597
-70.4602 27.4511
-68.2139 26.8326
-66.0658 26.1398
-64.0598 25.4449
-62.2135 24.8518
-60.4998 24.4697
-58.8456 24.3735
-57.1555 24.5709
-55.3495 24.9984
-53.3913 25.5504
-51.2912 26.1199
-49.0904 26.6279
-46.8391 27.033
-44.5805 27.3257
-42.4144 27.4401
-40.421 27.3584
-38.4382 27.285
-36.465 27.2229
-34.5001 27.1745
-32.5413 27.1423
-30.5862 27.1276
-28.632 27.1313
-26.6758 27.1531
-24.7148 27.192
-22.7468 27.2462
-20.7699 27.3132
-18.7829 27.3903
-16.7853 27.4745
-14.7771 27.563
-12.7587 27.6533
-10.7311 27.7432
-8.69527 27.8308
-6.65244 27.9148
-4.60382 27.9943
-2.55059 28.0685
-0.493841 28.1372
-76.4738 22.9008
-76.3314 23.3308
-76.1805 23.7761
-76.0205 24.2374
-75.8507 24.7155
-75.6702 25.2114
-75.4784 25.7258
-75.2742 26.2597
-75.0566 26.8141
-74.8247 27.3901
-74.5771 27.9888
-74.3127 28.6114
-74.03 29.2591
-72.9921 29.481
-70.7545 29.0989
-68.5554 28.644
-66.4267 28.1448
-64.3948 27.6526
-62.4681 27.2361
-60.6267 26.9646
-58.8236 26.8841
-56.9989 26.9994
-55.1017 27.2716
-53.1066 27.6346
-51.0174 28.0185
-48.8585 28.3682
-46.6623 28.6519
-44.4683 28.8464
-42.4619 28.7704
-40.4646 28.6994
-38.4763 28.636
-36.496 28.5824
-34.5227 28.5409
-32.5545 28.5132
-30.5893 28.5007
-28.6249 28.5039
-26.6588 28.5225
-24.6887 28.5559
-22.7128 28.6025
-20.7294 28.6603
-18.7376 28.727
-16.7366 28.8003
-14.7266 28.8778
-12.7077 28.9573
-10.6808 29.0368
-8.64646 29.1149
-6.60584 29.1902
-4.5599 29.2619
-2.50965 29.3293
-0.456 29.392
