-44.09 -7.79736
-44.0255 -7.93666
-43.9516 -8.07627
-43.8663 -8.21427
-43.7672 -8.34783
-43.6514 -8.47271
-43.516 -8.58272
-43.3579 -8.66891
-43.1758 -8.71874
-42.9714 -8.71559
-42.7542 -8.63978
-42.5467 -8.47331
-42.3905 -8.212
-42.3441 -7.88681
-42.4618 -7.5854
-42.7492 -7.44662
-43.1254 -7.59972
-43.4453 -8.07636
-43.5834 -8.78131
-43.4981 -9.55521
-43.2265 -10.2588
-42.8412 -10.8102
-42.4206 -11.1798
-42.0425 -11.3801
-41.7834 -11.4698
-41.7004 -11.5662
-41.7889 -11.8313
-41.9524 -12.4034
-42.0351 -13.3113
-41.9101 -14.4559
-41.5385 -15.6822
-40.9566 -16.8617
-40.2312 -17.925
-39.432 -18.8543
-38.6266 -19.674
-37.8777 -20.4572
-37.2222 -21.3359
-36.6266 -22.4823
-35.9607 -24.0345
-35.038 -26.0129
-33.7042 -28.3123
-31.8871 -30.7766
-29.5757 -33.2742
-26.7758 -35.7166
-23.4853 -38.0373
-19.6986 -40.1642
-15.4261 -42.0059
-10.7168 -43.4536
-5.67381 -44.3998
-0.454752 -44.7653
-44.1383 -7.48718
-44.0741 -7.62073
-44 -7.75426
-43.9073 -7.8582
-43.8052 -7.94781
-43.6929 -8.05269
-43.5572 -8.16989
-43.3848 -8.28325
-43.1811 -8.33226
-42.9523 -8.30046
-42.7022 -8.1797
-42.4551 -7.94267
-42.2613 -7.57545
-42.1986 -7.10672
-42.348 -6.64359
-42.73 -6.37391
-43.2411 -6.48326
-43.681 -7.01976
-43.8783 -7.84749
-43.7858 -8.7457
-43.4624 -9.53352
-43.0052 -10.1135
-42.5098 -10.4532
-42.0692 -10.5655
-41.7812 -10.517
-41.7286 -10.4534
-41.9171 -10.5924
-42.2211 -11.1291
-42.4263 -12.1036
-42.3626 -13.3714
-41.9893 -14.7166
-41.366 -15.9722
-40.5836 -17.0557
-39.7289 -17.9477
-38.8852 -18.6742
-38.1377 -19.3187
-37.5485 -20.0461
-37.0911 -21.0881
-36.6014 -22.6391
-35.8333 -24.7271
-34.5924 -27.2012
-32.8067 -29.8515
-30.4859 -32.5183
-27.6516 -35.1111
-24.3047 -37.571
-20.4332 -39.8315
-16.0384 -41.7988
-11.1645 -43.3537
-5.91947 -44.3738
-0.476803 -44.7665
-44.1846 -7.17616
-44.1207 -7.30398
-44.0322 -7.39306
-43.9331 -7.44975
-43.8366 -7.51869
-43.7316 -7.6111
-43.5994 -7.72497
-43.4216 -7.8402
-43.1876 -7.92188
-42.9203 -7.88479
-42.6293 -7.71571
-42.3303 -7.39907
-42.0827 -6.90586
-41.9892 -6.25712
-42.1697 -5.58145
-42.6714 -5.13462
-43.3623 -5.18734
-43.9605 -5.81387
-44.2292 -6.81607
-44.1184 -7.88427
-43.722 -8.78403
-43.1695 -9.40299
-42.5758 -9.70832
-42.0497 -9.71234
-41.7153 -9.48655
-41.693 -9.21001
-42.0089 -9.1774
-42.499 -9.6697
-42.8629 -10.744
-42.8698 -12.1867
-42.4819 -13.694
-41.7954 -15.0503
-40.933 -16.1613
-39.9998 -17.0081
-39.0958 -17.6172
-38.3345 -18.0795
-37.816 -18.5995
-37.5295 -19.4917
-37.2655 -21.0346
-36.6905 -23.266
-35.5553 -25.9642
-33.7957 -28.8405
-31.4556 -31.7008
-28.5801 -34.4569
-25.1739 -37.0647
-21.2159 -39.4675
-16.6948 -41.5707
-11.6471 -43.2436
-6.18476 -44.3459
-0.499259 -44.7689
-44.2289 -6.86434
-44.1535 -6.96371
-44.0467 -6.99371
-43.9495 -7.01994
-43.8614 -7.06349
-43.7677 -7.14207
-43.6426 -7.25545
-43.4603 -7.37838
-43.2057 -7.46588
-42.8781 -7.46365
-42.5335 -7.24939
-42.1671 -6.8435
-41.8438 -6.20058
-41.6971 -5.32472
-41.904 -4.36577
-42.5586 -3.67376
-43.4933 -3.65044
-44.3039 -4.41229
-44.6582 -5.66371
-44.5113 -6.96405
-44.0125 -8.01111
-43.3352 -8.6818
-42.6141 -8.9476
-41.9723 -8.81825
-41.5658 -8.364
-41.5703 -7.80027
-42.0507 -7.52941
-42.7923 -7.96399
-43.3659 -9.1885
-43.4531 -10.8806
-43.0304 -12.6087
-42.251 -14.0972
-41.2791 -15.2449
-40.2385 -16.0376
-39.2447 -16.4994
-38.4464 -16.7229
-38.0007 -16.9572
-37.9292 -17.6334
-37.9603 -19.1591
-37.63 -21.5859
-36.6128 -24.5791
-34.8667 -27.7351
-32.4914 -30.8179
-29.5649 -33.7511
-26.0958 -36.5149
-22.0501 -39.0684
-17.3993 -41.3183
-12.1685 -43.1213
-6.47205 -44.3157
-0.521992 -44.7724
-44.2713 -6.55178
-44.1612 -6.58161
-44.0491 -6.57565
-43.9543 -6.56325
-43.8781 -6.57471
-43.8015 -6.63746
-43.6886 -6.75438
-43.5036 -6.89318
-43.2256 -6.99544
-42.8519 -6.99222
-42.4131 -6.78286
-41.96 -6.27793
-41.5311 -5.45769
-41.2973 -4.29395
-41.518 -2.95219
-42.369 -1.91289
-43.6409 -1.78341
-44.7412 -2.7502
-45.1966 -4.36049
-44.9842 -5.97789
-44.3428 -7.21683
-43.5036 -7.95436
-42.6191 -8.17474
-41.8221 -7.88169
-41.3056 -7.13199
-41.3268 -6.17599
-42.0219 -5.56669
-43.111 -5.9235
-43.9663 -7.3758
-44.1427 -9.42649
-43.653 -11.4553
-42.7403 -13.1156
-41.6221 -14.3109
-40.4381 -15.0395
-39.3151 -15.3179
-38.4442 -15.2283
-38.068 -15.0661
-38.2711 -15.4281
-38.6977 -16.9245
-38.6825 -19.6274
-37.7927 -23.0194
-36.0362 -26.5266
-33.6005 -29.8667
-30.6091 -32.9908
-27.0729 -35.9176
-22.9393 -38.6297
-18.1565 -41.0378
-12.733 -42.9846
-6.78414 -44.2824
-0.544854 -44.7773
-44.2856 -6.20166
-44.1559 -6.18585
-44.0359 -6.13473
-43.944 -6.07244
-43.8847 -6.04226
-43.8335 -6.08621
-43.7404 -6.21231
-43.5554 -6.37848
-43.2507 -6.50789
-42.8221 -6.51318
-42.2785 -6.3025
-41.703 -5.70562
-41.1284 -4.67677
-40.756 -3.14714
-40.963 -1.28109
-42.0675 0.262297
-43.8158 0.546021
-45.3186 -0.735483
-45.8888 -2.86828
-45.5632 -4.91894
-44.7238 -6.40516
-43.6764 -7.22692
-42.5847 -7.39535
-41.5808 -6.90268
-40.8977 -5.77024
-40.9124 -4.27148
-41.8905 -3.16952
-43.471 -3.41717
-44.7119 -5.21967
-44.9812 -7.79093
-44.3733 -10.2291
-43.2722 -12.11
-41.962 -13.3658
-40.5904 -14.0191
-39.2859 -14.0714
-38.2878 -13.5714
-37.9667 -12.8538
-38.5263 -12.7508
-39.4972 -14.201
-39.895 -17.3088
-39.1341 -21.253
-37.3243 -25.2075
-34.7908 -28.8455
-31.7155 -32.1736
-28.1074 -35.2685
-23.8869 -38.1463
-18.9711 -40.7245
-13.3459 -42.8305
-7.12438 -44.2454
-0.567675 -44.7835
-44.2813 -5.83219
-44.1347 -5.77424
-44.0028 -5.66581
-43.9137 -5.53796
-43.8781 -5.45231
-43.8642 -5.47299
-43.8018 -5.61636
-43.621 -5.82619
-43.2858 -5.99982
-42.7916 -6.02673
-42.1438 -5.79471
-41.39 -5.13157
-40.6164 -3.85993
-40.0277 -1.86535
-40.1663 0.727993
-41.5972 3.02222
-44.0357 3.53953
-46.1083 1.76492
-46.7986 -1.13898
-46.2817 -3.78198
-45.1678 -5.58274
-43.8552 -6.50781
-42.5039 -6.61744
-41.2259 -5.88398
-40.2921 -4.2561
-40.2518 -1.99659
-41.6049 -0.158259
-43.8983 -0.245617
-45.6768 -2.59689
-46.0294 -5.93276
-45.2217 -8.92718
-43.8571 -11.0877
-42.2991 -12.4181
-40.6866 -12.9842
-39.1312 -12.7611
-37.9222 -11.7242
-37.6193 -10.2194
-38.6486 -9.41365
-40.3914 -10.7928
-41.3408 -14.5153
-40.6921 -19.242
-38.7566 -23.7722
-36.0704 -27.7548
-32.8861 -31.2977
-29.2006 -34.563
-24.896 -37.6117
-19.8486 -40.3725
-14.0132 -42.6554
-7.4968 -44.2036
-0.590264 -44.7912
-44.2635 -5.45372
-44.0936 -5.34433
-43.9438 -5.1625
-43.8568 -4.94716
-43.8538 -4.78578
-43.8945 -4.77632
-43.8788 -4.94873
-43.7079 -5.2255
-43.3374 -5.46688
-42.7649 -5.53312
-41.9919 -5.29025
-41.0156 -4.563
-39.9731 -3.01346
-39.0512 -0.43028
-39.0169 3.18371
-40.864 6.62764
-44.3303 7.51447
-47.2266 4.94672
-48.0185 0.88672
-47.182 -2.56553
-45.6885 -4.75992
-44.0417 -5.80782
-42.3695 -5.85196
-40.7309 -4.8328
-39.4203 -2.5662
-39.2288 0.772927
-41.0792 3.74417
-44.4373 3.90394
-46.9798 0.671342
-47.3742 -3.80288
-46.2357 -7.55127
-44.5063 -10.0597
-42.6333 -11.4787
-40.7173 -11.946
-38.8201 -11.3929
-37.272 -9.65614
-36.9062 -7.02215
-38.5619 -5.12554
-41.4369 -6.3949
-43.1364 -11.0838
-42.5449 -16.9434
-40.3638 -22.2196
-37.4468 -26.5976
-34.1213 -30.3619
-30.3529 -33.7957
-25.9696 -37.0186
-20.7947 -39.9746
-14.742 -42.4544
-7.90636 -44.1553
-0.612413 -44.8004
-44.2297 -5.06574
-44.0275 -4.89348
-43.8508 -4.61695
-43.7632 -4.28312
-43.8051 -4.01591
-43.9256 -3.96568
-43.9796 -4.18456
-43.8269 -4.562
-43.4141 -4.90363
-42.7479 -5.03269
-41.8256 -4.79392
-40.6125 -3.97439
-39.174 -2.14996
-37.7456 1.17152
-37.3432 6.23181
-39.7051 11.4895
-44.7521 12.9888
-48.8667 9.10298
-49.683 3.27893
-48.3162 -1.27558
-46.2999 -3.95187
-44.2376 -5.14032
-42.1748 -5.11335
-40.066 -3.76321
-38.1902 -0.680431
-37.6619 4.20806
-40.1647 8.97866
-45.1669 9.5401
-48.8157 4.84814
-49.1397 -1.34602
-47.4611 -6.11049
-45.2311 -9.04124
-42.9649 -10.5611
-40.6733 -10.9192
-38.3172 -9.9798
-36.2339 -7.33803
-35.6375 -3.06371
-38.1341 0.580067
-42.7348 -0.514522
-45.4721 -6.78003
-44.803 -14.312
-42.1824 -20.5559
-38.9261 -25.3808
-35.4196 -29.3659
-31.5633 -32.9608
-27.1102 -36.3581
-21.8159 -39.5217
-15.5406 -42.2213
-8.35913 -44.0987
-0.633896 -44.8112
-44.1771 -4.66801
-43.9302 -4.41898
-43.7123 -4.01957
-43.6186 -3.52314
-43.7215 -3.10467
-43.9589 -2.99688
-44.1171 -3.28867
-43.9931 -3.81645
-43.5277 -4.30333
-42.7482 -4.52588
-41.65 -4.31149
-40.1505 -3.41089
-38.1952 -1.29109
-36.0058 2.94088
-34.8758 10.0639
-37.8271 18.2767
-45.3994 20.8458
-51.3597 14.6803
-51.9876 6.11352
-49.746 0.0688056
-47.0148 -3.17984
-44.444 -4.52118
-41.9144 -4.41982
-39.1996 -2.69931
-36.4797 1.40992
-35.2607 8.54167
-38.5908 16.2722
-46.2339 17.5255
-51.5133 10.3253
-51.5033 1.49254
-48.9506 -4.62673
-46.0414 -8.05335
-43.2936 -9.6815
-40.5472 -9.92311
-37.5841 -8.54595
-34.6685 -4.74981
-33.5058 1.93418
-37.1251 8.48044
-44.4737 7.67745
-48.6652 -1.26451
-47.6211 -11.3079
-44.2525 -18.7998
-40.5111 -24.1159
-36.7767 -28.3101
-32.8293 -32.0516
-28.3195 -35.6195
-22.919 -39.0024
-16.419 -41.9483
-8.86271 -44.0311
-0.654474 -44.8235
-44.1022 -4.26071
-43.7937 -3.91828
-43.5132 -3.3589
-43.4015 -2.63651
-43.5868 -1.99701
-43.9971 -1.80467
-44.3104 -2.21059
-44.2282 -2.96309
-43.6937 -3.65789
-42.7756 -4.01337
-41.472 -3.84952
-39.6327 -2.88927
-37.0161 -0.470621
-33.7014 4.85237
-31.1873 14.9201
-34.6745 28.1197
-46.4668 32.6712
-55.2937 22.3688
-55.2138 9.4568
-51.5392 1.42724
-47.8418 -2.47208
-44.661 -3.96832
-41.5862 -3.79332
-38.1027 -1.67896
-34.1327 3.68724
-31.5548 14.0814
-35.8393 26.8738
-47.9283 29.399
-55.6457 17.6901
-54.7129 4.75045
-50.7598 -3.14152
-46.9429 -7.12305
-43.6186 -8.85787
-40.3347 -8.98131
-36.5835 -7.13107
-32.3925 -1.89676
-30.0018 8.35586
-35.0709 19.9301
-47.0264 19.6462
-53.2588 5.95331
-51.2109 -7.91356
-46.6141 -16.9876
-42.1988 -22.8195
-38.1846 -27.1957
-34.146 -31.0602
-29.5981 -34.7899
-24.1113 -38.4028
-17.3891 -41.6247
-9.12327 -42.3843
-0.6739 -42.4497
-44.0013 -3.84465
-43.6079 -3.38943
-43.2322 -2.62151
-43.0798 -1.58158
-43.3749 -0.611809
-44.0437 -0.290506
-44.5897 -0.876686
-44.564 -1.9676
-43.9327 -2.95794
-42.8422 -3.49618
-41.3013 -3.41514
-39.0685 -2.42874
-35.6498 0.278581
-30.682 6.83258
-25.5987 21.0696
-29.1319 43.0072
-48.3714 51.4998
-61.7525 33.2412
-59.7562 13.3289
-53.7601 2.72752
-48.7815 -1.86402
-44.8863 -3.46832
-41.1951 -3.23866
-36.756 -0.757283
-30.9621 6.08223
-25.7746 21.2042
-30.853 43.0324
-50.8674 48.0784
-62.2404 27.8155
-59.1045 8.41282
-52.9382 -1.72452
-47.9332 -6.27798
-43.9379 -8.07595
-40.0396 -8.10516
-35.2877 -5.79522
-29.1776 1.16166
-24.2682 16.7078
-31.0125 37.417
-51.1802 38.1352
-60.2029 15.5667
-55.8498 -4.16669
-49.2981 -15.1809
-43.976 -21.5035
-39.6307 -25.9905
-35.5073 -29.9662
-30.9455 -33.8539
-25.4005 -37.705
-17.688 -39.3718
-9.15077 -39.4659
-0.691924 -39.5262
-43.8706 -3.42154
-43.361 -2.83165
-42.8403 -1.79246
-42.6047 -0.301655
-43.0431 1.17308
-44.1049 1.69845
-45.0035 0.822355
-45.0476 -0.784402
-44.2719 -2.19339
-42.9623 -2.97607
-41.1502 -3.01561
-38.4748 -2.05001
-34.0967 0.883244
-26.7994 8.72965
-17.0479 28.7274
-18.8049 66.5915
-52.0941 83.6182
-72.8038 48.9406
-66.1369 17.6276
-56.4399 3.8919
-49.7994 -1.26872
-45.1139 -2.96123
-40.7619 -2.68473
-35.1816 0.0747287
-26.7706 8.43576
-16.667 30.2887
-21.307 69.018
-56.489 79.5298
-73.1897 41.9512
-65.1017 12.3449
-55.4983 -0.432868
-48.98 -5.43555
-44.2475 -7.27721
-39.685 -7.22056
-33.7098 -4.5494
-24.7681 4.26516
-14.8544 27.5793
-22.7972 65.8024
-58.7474 68.6559
-71.1858 28.49
-61.8704 -0.218012
-52.2949 -13.4122
-45.8028 -20.0818
-41.097 -24.6193
-36.9184 -28.6486
-32.3761 -32.7317
-26.4136 -36.3236
-17.7282 -36.4644
-9.17595 -36.5499
-0.708301 -36.6042
-43.7061 -2.99429
-43.0388 -2.24637
-42.2983 -0.856315
-41.9009 1.2802
-42.5192 3.54595
-44.1909 4.4067
-45.6319 3.05208
-45.749 0.646258
-44.7466 -1.35462
-43.1522 -2.45605
-41.0329 -2.65774
-37.8775 -1.773
-32.3882 1.25946
-21.9592 10.2794
-3.95343 37.8183
1.85791 105.857
-60.2441 143.442
-92.5034 71.8194
-74.9538 22.0164
-59.5489 4.81213
-50.8771 -0.8171
-45.34 -2.52585
-40.2999 -2.22859
-33.4152 0.710084
-21.4437 10.5421
-2.26004 41.471
-1.61509 113.42
-68.5576 137.172
-92.0232 61.6788
-73.1433 16.221
-58.4037 0.627043
-50.0648 -4.71773
-44.5445 -6.5397
-39.2849 -6.43157
-31.8864 -3.49902
-18.9721 7.16375
0.650803 41.4162
-5.086 115.296
-74.3787 123.279
-89.2018 45.7005
-69.5768 3.63684
-55.5574 -11.784
-47.6485 -18.662
-42.5602 -23.1446
-38.3565 -27.1747
-33.8923 -31.3855
-26.5005 -33.3771
-17.7644 -33.5608
-9.19838 -33.6361
-0.722793 -33.6836
-43.5045 -2.56732
-42.6254 -1.63851
-41.5533 0.200252
-40.8509 3.26746
-41.6769 6.80476
-44.3203 8.23969
-46.6122 6.06849
-46.7739 2.40094
-45.4019 -0.434931
-43.4294 -1.94123
-40.9655 -2.34728
-37.3112 -1.61351
-30.6075 1.32791
-16.2142 11.0874
15.7551 47.4354
46.8643 174.454
-80.9958 268.823
-128.831 104.508
-86.687 25.7364
-62.9967 5.22913
-51.9575 -0.534249
-45.5553 -2.15485
-39.8418 -1.87294
-31.5413 1.03276
-14.9775 11.8904
20.2339 54.0405
43.1202 194.476
-98.5736 255.153
-125.2 88.2297
-83.525 19.3395
-61.5599 1.23646
-51.1359 -4.14318
-44.8232 -5.85599
-38.8765 -5.74533
-29.9055 -2.7881
-11.7288 9.29321
25.9624 57.8146
37.0912 209.156
-111.813 231.425
-119.337 67.4802
-79.1271 6.7611
-58.983 -10.4776
-49.4524 -17.2533
-43.9917 -21.5473
-39.808 -25.5167
-35.4781 -29.8281
-26.6131 -30.3711
-17.8015 -30.6513
-9.21768 -30.7242
-0.735183 -30.764
-43.2638 -2.14686
-42.1045 -1.01828
-40.5364 1.3836
-39.2694 5.79602
-40.2868 11.4349
-44.5276 13.8992
-48.1873 10.2764
-48.2824 4.57341
-46.2936 0.565089
-43.8114 -1.43996
-40.9635 -2.08826
-36.8177 -1.5793
-28.8857 1.0253
-9.89384 10.6669
43.9384 54.885
154.446 297.625
-146.675 579.821
-196.485 147.019
-101.319 27.2783
-66.5355 4.94692
-52.9593 -0.42524
-45.7483 -1.82526
-39.4305 -1.60305
-29.714 0.978566
-7.7105 11.8607
53.8284 65.0319
157.45 351.667
-189.995 535.874
-183.32 119.772
-96.0665 20.4542
-64.742 1.24098
-52.1214 -3.71113
-45.0769 -5.20309
-38.5097 -5.15106
-27.94 -2.50336
-3.3621 9.87367
65.7168 73.7258
152.46 404.553
-219.94 474.755
-168.992 91.1102
-90.2424 8.14139
-62.361 -9.61316
-51.1363 -15.8491
-45.3585 -19.7986
-41.2574 -23.6403
-35.8076 -26.9055
-26.7391 -27.339
-17.8889 -27.6605
-9.23347 -27.814
-0.745276 -27.8455
-42.9839 -1.74105
-41.4612 -0.403165
-39.1612 2.68438
-36.8629 9.03538
-37.913 18.2524
-44.883 22.6639
-50.805 16.3297
-50.5168 7.26818
-47.4874 1.63053
-44.3126 -0.965121
-41.0407 -1.88251
-36.4416 -1.66643
-27.3945 0.328726
-3.72663 8.58645
79.9664 54.8181
430.93 504.58
-440.181 1581.02
-316.185 186.157
-117.49 24.7239
-69.764 3.84156
-53.7824 -0.462191
-45.9057 -1.49295
-39.1167 -1.37936
-28.1435 0.535333
-0.488365 9.87725
98.9414 67.5317
487.065 657.087
-566.13 1361.25
-278.352 143.71
-109.503 18.1104
-67.6034 0.554823
-52.9341 -3.39024
-45.2978 -4.53709
-38.2443 -4.61169
-26.2345 -2.67439
5.15634 8.13162
122.211 80.4716
527.312 841.425
-620.877 1112.03
-244.483 105.63
-101.782 6.68206
-65.3855 -9.24891
-52.6089 -14.4174
-46.6254 -17.8555
-42.6887 -21.5025
-35.99 -23.769
-26.8854 -24.2723
-17.991 -24.6533
-9.2484 -24.9018
-0.752909 -24.9278
-42.6681 -1.35977
-40.6863 0.180142
-37.3274 4.06362
-33.168 13.1735
-33.6837 28.6755
-45.5387 37.0152
-55.3254 25.3047
-53.8379 10.5773
-49.0532 2.72187
-44.9416 -0.535212
-41.2064 -1.72933
-36.2239 -1.85712
-26.32 -0.721812
1.21714 4.71184
116.784 40.6308
1100.75 706.036
-2883.64 6572.62
-489.642 176.713
-131.911 16.6013
-72.1748 1.95301
-54.3198 -0.572869
-46.0132 -1.08679
-38.9536 -1.13041
-27.0683 -0.225549
5.34599 5.72167
147.284 51.8017
1457.22 1078.63
-3014.18 4500.49
-404.064 127.929
-121.168 11.3306
-69.7207 -0.768072
-53.4818 -3.10868
-45.4779 -3.78729
-38.143 -4.05634
-25.0719 -3.23334
12.1675 3.70055
186.256 63.7976
1909.04 1676.22
-2620.15 2895.45
-336.808 88.7052
-111.59 1.74415
-67.6943 -9.32659
-53.7755 -12.8925
-47.7577 -15.6567
-44.0873 -19.0493
-36.2018 -20.5465
-27.0621 -21.1607
-18.1131 -21.6266
-9.32165 -21.9237
-0.757954 -22.0106
-42.3237 -1.01402
-39.7819 0.694914
-34.9349 5.43306
-27.4693 18.358
-25.7518 45.2494
-46.8588 62.1632
-63.4757 38.9868
-58.7624 14.5209
-51.052 3.76217
-45.6958 -0.174668
-41.4628 -1.62547
-36.1947 -2.12019
-25.8204 -2.01486
3.81761 -0.551104
139.799 10.7662
2031.95 347.855
-58986.6 37223.9
-633.052 62.099
-140.023 3.47326
-73.2818 -0.452427
-54.4738 -0.634789
-46.0574 -0.501581
-38.991 -0.747006
-26.7053 -1.1337
8.31358 -0.120619
178.503 14.166
3176.82 629.584
-23693.9 9781.4
-500.232 41.5806
-127.611 0.720897
-70.6949 -2.48973
-53.68 -2.74862
-45.6092 -2.84909
-38.2645 -3.37454
-24.7114 -3.9937
15.764 -2.88251
229.401 16.1465
5299.89 1249.39
-11166.2 3412.93
-403.15 23.7758
-117.041 -6.08667
-68.9517 -9.63978
-54.5484 -11.1695
-48.724 -13.1149
-45.4433 -16.2112
-36.4639 -17.2046
-27.2835 -17.992
-18.2623 -18.5774
-9.40835 -18.9376
-0.760327 -19.0938
-41.9638 -0.714753
-38.7685 1.09586
-31.9161 6.63327
-18.725 24.537
-9.94651 72.6491
-49.8245 110.219
-78.8686 60.2821
-65.968 18.9196
-53.5095 4.62544
-46.5562 0.0876325
-41.8038 -1.5652
-36.3669 -2.41479
-25.9809 -3.38302
3.37687 -6.24926
136.187 -24.9505
1840.73 -533.57
-25983.2 -27307.1
-608.508 -105.943
-138.545 -11.3019
-72.7846 -2.90783
-54.1697 -0.476503
-46.0248 0.412381
-39.2728 -0.0760591
-27.1928 -1.90042
7.46744 -6.38384
173.289 -31.9133
2788.25 -932.6
-14938.1 -10275.2
-484.183 -77.6373
-126.435 -11.1079
-70.2784 -4.21217
-53.4615 -2.14545
-45.6846 -1.57321
-38.6584 -2.41168
-25.3191 -4.6678
14.6999 -10.0873
222.078 -44.059
4425.54 -1760.41
-8397.47 -4291.04
-392.545 -61.9815
-116.361 -14.7788
-68.9439 -9.85507
-54.8552 -9.10144
-49.499 -10.1051
-46.1756 -12.668
-36.8095 -13.6991
-27.5701 -14.7526
-18.4477 -15.5032
-9.51171 -15.9439
-0.765881 -16.1724
-41.6067 -0.470982
-37.6925 1.33461
-28.2948 7.42137
-5.61431 31.1136
23.7715 119.391
-57.5497 213.454
-109.277 93.476
-76.1782 23.1707
-56.3753 5.13537
-47.4832 0.222583
-42.2136 -1.54042
-36.7323 -2.69645
-26.7866 -4.64114
0.00349773 -11.2401
108.126 -51.344
884.332 -682.227
-1637.14 -4362.83
-443.323 -192.557
-127.979 -23.2563
-70.6771 -4.87327
-53.3575 0.11714
-45.8973 1.87884
-39.8223 1.16159
-28.5677 -2.21137
2.9174 -11.5867
134.966 -64.4254
1118.49 -995.032
-1865.76 -3268.66
-371.61 -146.097
-117.994 -20.7743
-68.4541 -5.47677
-52.7769 -1.08859
-45.6957 0.254037
-39.3686 -0.961511
-26.9283 -4.9228
9.13652 -16.0219
169.517 -84.3975
1382.57 -1462.12
-1768.48 -2304.09
-314.328 -115.142
-109.795 -21.7602
-67.6384 -9.58866
-54.6376 -6.49548
-50.0648 -6.44247
-46.5191 -8.48259
-37.2906 -9.9715
-27.9502 -11.4278
-18.6802 -12.4031
-9.63509 -12.9437
-0.824919 -13.2111
-41.2755 -0.287627
-36.6301 1.37021
-24.2666 7.49237
12.9873 36.3736
100.714 199.246
-82.5031 476.277
-171.165 142.639
-89.7574 25.9685
-59.4748 5.08894
-48.4147 0.2082
-42.6679 -1.54066
-37.2632 -2.92409
-28.1263 -5.63215
-5.44806 -14.6857
70.3149 -61.5033
335.342 -450.703
-314.672 -1199.65
-279.733 -183.536
-112.174 -29.6779
-67.2225 -5.90097
-51.9946 1.40458
-45.6347 4.26088
-40.7034 3.19796
-30.7867 -1.80574
-4.25988 -14.681
85.3429 -74.5251
367.092 -570.35
-410.578 -1062.37
-250.289 -147.945
-105.098 -26.1216
-65.4138 -5.89068
-51.577 0.684668
-45.631 2.94994
-40.4489 1.25243
-29.458 -4.44927
0.516183 -19.3705
104.606 -93.6875
383.918 -712.584
-462.282 -903.106
-223.895 -121.556
-99.4025 -25.3217
-65.1642 -8.50211
-53.8352 -3.09998
-50.4123 -1.84075
-47.0426 -3.66884
-37.988 -5.94465
-28.4621 -8.00357
-18.9726 -9.27831
-9.7818 -9.93915
-0.892171 -10.2495
-40.9962 -0.163347
-35.6838 1.18349
-20.2682 6.56336
36.6164 37.0185
282.684 322.026
-196.692 1354.99
-294.548 201.501
-105.858 25.2475
-62.4777 4.31822
-49.27 0.0390481
-43.1363 -1.55304
-37.9167 -3.06575
-29.827 -6.2606
-11.8184 -16.324
35.8511 -59.0494
117.629 -265.506
-121.303 -475.785
-174.494 -140.749
-95.4968 -30.6599
-62.8041 -5.742
-49.973 3.76014
-45.2102 8.01075
-42.0119 6.4522
-33.7821 -0.429147
-12.6431 -15.3652
42.1207 -68.6834
116.14 -309.195
-155.907 -446.682
-164.952 -119.727
-91.0792 -27.0341
-61.4407 -5.21029
-49.7714 3.51467
-45.4688 7.01512
-41.9997 4.62066
-32.7879 -3.00626
-9.31235 -19.854
51.2089 -83.1955
108.757 -355.678
-181.601 -408.884
-155.151 -102.731
-87.7236 -25.2469
-61.7172 -6.36613
-52.3463 1.43017
-50.5391 4.17089
-47.9045 2.09729
-39.0273 -1.51862
-29.1566 -4.46932
-19.3389 -6.13348
-9.95458 -6.93399
-0.967814 -7.28938
-40.7939 -0.0891977
-34.9675 0.79109
-16.9627 4.5239
60.9743 29.0198
675.215 425.791
-1221.33 6277.58
-504.727 222.702
-121.422 18.9542
-64.9251 2.78382
-49.962 -0.265345
-43.5867 -1.56237
-38.6428 -3.10168
-31.6999 -6.50181
-18.1082 -16.3895
9.82784 -50.6586
31.8581 -159.034
-73.2015 -232.752
-116.141 -100.097
-80.6881 -27.9356
-57.7342 -4.3381
-47.1206 7.56853
-44.5356 13.9664
-43.9548 11.5806
-37.5589 2.13584
-21.0923 -13.9727
10.75 -56.3928
26.4368 -176.236
-88.4093 -224.227
-114.034 -88.577
-78.2018 -24.7166
-56.7603 -3.3489
-47.1538 7.87981
-45.1636 13.2989
-44.2377 9.73963
-36.8638 -0.424966
-18.9267 -17.9963
14.526 -66.2841
19.8199 -194.118
-100.747 -212.565
-111.224 -78.524
-76.5943 -22.3764
-57.436 -3.06746
-49.9544 7.60876
-50.4479 12.4167
-49.3928 9.33842
-40.6048 3.43144
-30.0986 -0.823622
-19.793 -2.97854
-10.155 -3.93337
-1.0514 -4.33272
-40.6887 -0.0487647
-34.5817 0.251803
-15.0714 1.58526
77.2827 11.1477
1192.94 244.128
-61448.4 109163
-721.199 109.067
-131.38 6.93506
-66.3462 0.654873
-50.4141 -0.657463
-43.9893 -1.55175
-39.3918 -3.02457
-33.5796 -6.3888
-23.7024 -15.3504
-8.07719 -41.0011
-4.84758 -99.5678
-56.9148 -129.857
-84.6301 -69.8631
-68.6447 -23.3823
-52.1197 -1.75935
-43.0017 13.4535
-43.4188 23.6511
-46.9872 19.6917
-42.3005 6.09657
-29.014 -11.1134
-10.3035 -43.4633
-10.0245 -106.604
-64.999 -126.525
-84.9985 -63.4078
-67.3755 -20.5909
-51.4203 -0.333049
-43.2638 14.5125
-44.6146 23.356
-47.6381 17.5938
-41.8035 3.41686
-27.6299 -14.6181
-8.91942 -49.9606
-14.3375 -114.505
-71.4792 -122.023
-84.7739 -57.2369
-66.8237 -17.845
-52.2902 1.42326
-46.187 16.2635
-50.1414 24.4372
-52.0536 18.9251
-43.0253 9.0493
-31.3661 2.91698
-20.3465 0.169827
-10.3827 -0.944128
-1.14167 -1.38189
-40.6917 -0.0201213
-34.5859 -0.34078
-15.0773 -1.70218
77.2743 -11.3044
1192.93 -244.342
-61448.5 -109163
-721.23 -109.506
-131.431 -7.59568
-66.4348 -1.69434
-50.5793 -1.06762
-44.3212 -1.50385
-40.1207 -2.83736
-35.3456 -5.98845
-28.3529 -13.6786
-19.9122 -32.2188
-22.0633 -65.1335
-50.1399 -79.0847
-67.1556 -48.8706
-59.1581 -18.3326
-45.8586 1.78491
-36.6909 22.3841
-41.4176 40.0623
-52.122 32.7851
-48.4867 11.6705
-36.2988 -7.39583
-24.1597 -32.1645
-26.7703 -67.6473
-55.2611 -77.168
-68.2556 -44.8972
-58.5354 -15.8272
-45.2243 3.73594
-37.118 24.5994
-43.5871 40.2698
-53.2413 29.9113
-47.996 8.61238
-35.3165 -10.4818
-23.6874 -36.4338
-29.4381 -71.4398
-58.9211 -74.8379
-68.8016 -40.5868
-58.4672 -12.6098
-46.0012 7.07689
-40.0239 28.8021
-49.6139 43.3257
-56.9765 32.3505
-46.7556 15.4691
-33.0436 6.70467
-21.0044 3.28684
-10.6342 2.02554
-1.23634 1.56063
-40.803 0.0206927
-34.98 -0.879509
-16.9803 -4.63997
60.949 -29.1751
675.178 -426.004
-1221.39 -6277.88
-504.818 -223.135
-121.573 -19.6041
-65.1884 -3.80293
-50.4519 -1.41827
-44.5692 -1.40282
-40.7971 -2.55009
-36.9259 -5.37832
-32.0551 -11.7358
-27.631 -24.9303
-30.8175 -44.1847
-46.8515 -51.1552
-56.9744 -34.4619
-51.5915 -13.5129
-38.5938 6.03016
-26.2886 35.861
-37.4272 69.6412
-61.7024 54.6719
-57.0299 19.0419
-43.1234 -3.32616
-33.435 -22.9563
-35.339 -44.3216
-50.6543 -49.488
-58.2348 -31.6128
-51.2574 -11.1445
-37.7459 8.68865
-26.6359 40.0938
-41.4873 70.7332
-63.3876 49.8635
-56.1921 15.1799
-42.2 -6.17949
-33.187 -25.8531
-36.8949 -46.1537
-52.7542 -47.7418
-58.8161 -28.025
-51.2223 -7.34051
-37.9957 13.7703
-29.2418 47.6825
-48.8287 75.8533
-66.4608 52.2278
-52.4828 22.735
-35.2048 10.4436
-21.7602 6.33964
-10.9023 4.96674
-1.33206 4.49252
-41.0113 0.0955986
-35.7046 -1.2708
-20.2972 -6.67778
36.5746 -37.1713
282.623 -322.235
-196.786 -1355.28
-294.698 -201.923
-106.105 -25.8766
-62.9083 -5.29749
-50.0684 -1.64182
-44.7308 -1.23634
-41.4 -2.1767
-38.2892 -4.63064
-34.9239 -9.75459
-32.6846 -19.1078
-35.5779 -30.8027
-45.0434 -34.4888
-50.6871 -24.4876
-45.3841 -9.35247
-29.8197 10.5343
-7.93318 56.0247
-28.3375 127.812
-81.51 92.9575
-69.4049 28.1528
-49.7459 0.671073
-39.9053 -15.6329
-40.1779 -29.4491
-48.2707 -32.6419
-51.9422 -22.0622
-45.08 -6.97176
-28.317 14.0947
-7.37344 64.0864
-36.6184 131.007
-83.6067 83.4097
-67.555 22.8735
-48.5716 -2.17105
-39.5242 -17.7439
-40.9068 -30.2423
-49.3514 -30.9176
-52.2378 -18.5971
-44.724 -2.49151
-27.4238 21.134
-8.8548 77.1535
-47.6482 138.592
-85.6313 83.1133
-61.1279 30.6178
-37.8772 13.9754
-22.5897 9.28971
-11.1755 7.87104
-1.42438 7.41193
-41.2964 0.221001
-36.6589 -1.45588
-24.3069 -7.60433
12.9309 -36.5134
100.63 -199.419
-82.6349 -476.533
-171.37 -143.043
-90.0954 -26.5671
-60.0612 -6.01059
-49.4956 -1.69474
-44.8125 -0.997304
-41.9194 -1.73249
-39.4331 -3.80425
-37.1119 -7.86358
-36.0405 -14.5136
-38.3134 -21.8631
-43.944 -23.8942
-46.5767 -17.4904
-40.1242 -6.05833
-19.0982 14.5136
26.0423 85.0801
-3.75273 257.172
-127.032 163.173
-87.5947 38.1635
-56.325 4.201
-44.64 -9.81478
-43.1834 -19.3973
-46.9774 -21.6782
-47.8022 -15.1239
-39.6825 -3.58132
-16.2908 19.0874
30.1872 100.668
-23.1886 267.065
-127.753 141.514
-83.5132 30.7531
-54.6202 1.14662
-43.9193 -11.576
-43.203 -19.6316
-47.2627 -19.7815
-47.6482 -11.4831
-38.7243 1.60051
-13.3595 28.2424
32.6342 123.909
-45.5532 278.846
-126.413 132.365
-73.6755 38.2787
-40.9879 17.0791
-23.4461 12.0989
-11.4374 10.7321
-1.50804 10.3179
-41.6333 0.405828
-37.729 -1.41814
-28.3359 -7.49541
-5.67324 -31.1719
23.6689 -119.473
-57.7215 -213.614
-109.548 -93.7858
-76.6054 -23.7128
-57.1019 -5.98403
-48.8124 -1.5632
-44.8271 -0.68454
-42.3536 -1.23246
-40.3726 -2.94274
-38.7662 -6.12122
-38.3053 -10.8814
-39.9599 -15.646
-43.2261 -16.8095
-43.7382 -12.5041
-35.63 -3.73983
-6.50062 16.7153
89.3913 121.921
80.8985 601.358
-243.107 295.051
-113.3 46.485
-62.7589 6.89805
-48.2499 -5.11933
-45.2399 -12.2057
-46.2935 -14.1177
-44.9948 -10.0247
-34.9619 -1.156
-1.58019 22.1347
105.275 151.592
24.5695 640.875
-231.815 240.973
-105.016 36.5316
-60.3006 3.41686
-47.0423 -6.91078
-44.5591 -12.2022
-45.8509 -12.0088
-44.2883 -6.07711
-33.1934 4.67234
4.56157 33.2338
121.343 194.666
-40.1313 666.089
-216.474 208.066
-90.5358 43.8528
-44.3008 19.5081
-24.2587 14.7392
-11.6688 13.5474
-1.57728 13.2106
-41.9959 0.651401
-38.7982 -1.14364
-31.9433 -6.62474
-18.7809 -24.4921
-10.0649 -72.6132
-50.0364 -110.258
-79.2073 -60.4735
-66.4943 -19.3433
-54.3628 -5.37796
-48.0933 -1.25956
-44.791 -0.302443
-42.7073 -0.690337
-41.1316 -2.0759
-40.0118 -4.54443
-39.8609 -7.98217
-40.993 -11.1622
-42.7419 -11.8695
-41.7465 -8.92921
-31.934 -2.41746
6.74981 15.6091
198.823 151.433
507.366 1811.72
-559.905 520.445
-145.468 48.0163
-68.5815 8.53953
-51.067 -1.17656
-46.8016 -6.73996
-46.009 -8.61978
-43.1023 -6.23519
-31.0408 0.221672
14.4405 21.1773
247.479 201.272
283.821 2064.23
-482.178 384.282
-130.686 36.2909
-65.2679 4.39004
-49.237 -3.4043
-45.3466 -6.77905
-44.8165 -6.33438
-41.7678 -1.94143
-28.3519 6.56876
24.8734 33.3377
306.804 277.146
-14.1166 2183.29
-410.422 299.398
-110.203 44.445
-47.3855 21.0785
-24.9393 17.2049
-11.8489 16.3201
-1.62651 16.0918
-42.3565 0.960708
-39.7861 -0.668609
-34.9392 -5.32142
-27.5148 -18.1824
-25.8824 -45.0646
-47.1111 -62.0497
-63.8836 -39.0315
-59.3863 -14.8026
-52.0376 -4.35659
-47.3964 -0.813499
-44.7204 0.140247
-42.9887 -0.118221
-41.7366 -1.22263
-40.9481 -3.12808
-40.9489 -5.63569
-41.6683 -7.819
-42.4214 -8.29778
-40.3778 -6.34786
-29.2101 -1.98766
17.9065 10.2275
345.007 130.582
4727.47 8407.77
-1332.2 696.508
-176.427 37.0299
-73.0159 9.27456
-53.2809 2.40729
-48.1383 -2.28886
-46.039 -4.4087
-41.9192 -3.37849
-28.1973 0.626719
28.2349 14.7134
458.531 186.419
3665.09 12481.4
-988.371 444.825
-154.473 26.1774
-68.9391 4.06379
-50.6664 -0.773736
-45.7529 -2.67027
-44.0112 -2.02516
-39.894 1.25385
-24.6028 7.33125
43.0385 26.238
618.426 281.213
355.446 14811.4
-746.018 309.987
-127.88 37.5577
-49.6737 21.7929
-25.3976 19.5213
-11.9588 19.0591
-1.65097 18.9644
-42.6709 1.36541
-40.654 -0.0634671
-37.2965 -3.82333
-33.193 -12.8321
-33.8219 -28.3007
-45.8331 -36.7081
-55.8068 -25.1685
-54.5599 -10.6911
-50.1594 -3.13892
-46.7818 -0.228217
-44.6299 0.632132
-43.2079 0.473573
-42.2134 -0.393873
-41.6515 -1.85699
-41.7236 -3.70538
-42.1298 -5.24766
-42.229 -5.62706
-39.5096 -4.45544
-27.6466 -2.19908
23.5307 1.3857
440.192 23.5915
74271.2 17697.7
-2189.83 162.414
-192.043 13.8435
-75.2679 9.85121
-55.0561 6.09845
-49.4545 1.63786
-46.3632 -1.00849
-41.3418 -1.17035
-26.7149 0.331091
35.0678 3.62451
607.496 35.026
402186 182835
-1455.96 92.9703
-166.503 6.84446
-70.7269 2.79494
-51.4122 1.23078
-45.8791 0.555541
-43.3576 1.36951
-38.5677 3.77518
-22.3507 7.26268
52.4754 12.8088
862.752 63.1207
1.16494e+06 5.82492e+06
-1014.52 74.6224
-136.502 24.0622
-50.6366 21.9254
-25.5624 21.7466
-11.9847 21.7791
-1.64738 21.8327
-42.9463 1.81638
-41.3777 0.62975
-39.0788 -2.28347
-36.8539 -8.48308
-38.053 -17.6342
-45.2226 -22.1109
-51.3676 -15.9698
-51.3412 -7.18402
-48.7054 -1.85174
-46.2664 0.450408
-44.531 1.16086
-43.3749 1.07645
-42.5853 0.404802
-42.1794 -0.712558
-42.285 -2.08931
-42.4611 -3.21064
-42.1401 -3.56065
-39.0601 -3.02064
-27.3077 -2.69031
21.67 -8.07416
387.781 -101.938
11523.6 -14863.5
-1659.75 -624.591
-182.457 -10.4983
-74.9633 11.6628
-56.64 10.4873
-50.9597 5.41341
-46.9986 1.8849
-41.3024 0.610936
-26.7064 -0.241474
32.1478 -8.27466
523.014 -148.148
11521.9 -28385.8
-1176.95 -382.499
-160.344 -14.0946
-70.3601 1.24186
-51.5419 2.83524
-45.7864 3.18179
-42.8113 4.14144
-37.7169 5.84649
-21.7734 6.87577
49.1353 -1.77042
722.679 -212.071
1388.1 -38598
-855.901 -225.395
-131.678 9.47855
-50.0146 21.9752
-25.4018 23.9614
-11.921 24.4982
-1.6145 24.7017
-43.1722 2.304
-41.9509 1.37819
-40.3805 -0.781834
-39.2078 -4.97396
-40.4212 -10.5025
-44.9183 -13.0313
-48.8443 -9.63844
-49.2188 -4.25606
-47.6191 -0.57215
-45.8479 1.17656
-44.453 1.73867
-43.4994 1.68342
-42.8723 1.17129
-42.586 0.319091
-42.6985 -0.711716
-42.712 -1.55032
-42.1167 -1.89646
-38.9546 -1.86639
-28.0566 -3.09229
13.4546 -14.9459
245.668 -149.104
944.359 -2758.24
-736.829 -585.208
-152.818 -22.5206
-72.4156 16.6167
-58.4791 16.3598
-52.9209 9.34485
-47.9856 4.46458
-41.7331 2.13397
-28.0137 -0.651574
21.0684 -16.6277
309.828 -202.444
569.451 -3286.76
-611.543 -418.093
-139.641 -27.648
-68.0736 0.108828
-51.1464 4.23324
-45.5191 5.40177
-42.3423 6.48725
-37.2617 7.65155
-22.6906 6.71246
35.3012 -11.5007
396.833 -267.639
18.8702 -3508.43
-497.336 -279.971
-115.855 0.213879
-47.9487 22.4772
-24.9334 26.25
-11.7711 27.2352
-1.55327 27.5763
-43.3422 2.81981
-42.377 2.15977
-41.2938 0.653289
-40.7108 -2.09802
-41.7957 -5.46292
-44.7723 -6.96504
-47.3846 -5.08258
-47.84 -1.80791
-46.8371 0.661004
-45.5254 1.9272
-44.4006 2.35075
-43.5897 2.28895
-43.0912 1.9056
-42.9031 1.25335
-43.0076 0.483774
-42.9117 -0.159504
-42.1634 -0.514231
-39.1132 -0.863135
-29.5826 -3.14095
2.19242 -17.7136
122.603 -129.437
150.941 -810.948
-302.798 -337.054
-116.758 -17.7574
-68.5037 27.2018
-61.3845 24.8334
-55.7132 13.6869
-49.379 6.83856
-42.5518 3.51346
-30.2485 -0.594626
6.41612 -19.553
143.105 -163.387
62.9121 -879.399
-288.608 -275.058
-114.256 -30.9137
-64.5121 -0.143507
-50.3465 5.57081
-45.115 7.34928
-41.9263 8.542
-37.1041 9.3281
-24.6245 7.14199
17.4027 -14.0688
172.375 -194.781
-29.7086 -890.733
-256.439 -198.173
-95.7488 -1.4807
-44.908 23.7887
-24.2189 28.679
-11.547 30.0058
-1.46676 30.461
-43.4521 3.35701
-42.663 2.96228
-41.8941 2.02637
-41.6456 0.340228
-42.6089 -1.66438
-44.7207 -2.60018
-46.5527 -1.62639
-46.9735 0.274613
-46.3022 1.83434
-45.2931 2.68615
-44.3654 2.97299
-43.6526 2.88881
-43.2556 2.60894
-43.142 2.10962
-43.2412 1.53922
-43.077 1.03605
-42.2621 0.67506
-39.4524 0.0748906
-31.5078 -2.73382
-8.91289 -16.8965
48.1904 -92.1644
20.1398 -318.66
-139.769 -174.279
-83.023 0.788552
-64.302 47.4271
-66.8647 37.6254
-59.8707 18.615
-51.2353 9.03613
-43.6617 4.80955
-32.9361 0.0271995
-7.60685 -17.9808
51.16 -109.638
-13.2347 -336.295
-151.464 -159.845
-91.8704 -26.8598
-60.4375 0.58124
-49.2789 6.93735
-44.6087 9.1157
-41.5424 10.398
-37.1363 10.964
-26.999 8.26927
0.950277 -11.0751
61.9723 -117.594
-35.705 -325.951
-139.497 -115.574
-76.0712 1.44211
-41.4734 25.9925
-23.3458 31.2843
-11.267 32.8209
-1.35972 33.3593
-43.499 3.91046
-42.8153 3.78151
-42.2344 3.3616
-42.1812 2.51307
-43.0846 1.42939
-44.7387 0.812925
-46.1231 1.16517
-46.4745 2.09786
-45.9695 2.94962
-45.1437 3.44293
-44.3495 3.59822
-43.7216 3.50221
-43.3765 3.28313
-43.3201 2.90062
-43.4188 2.48611
-43.2171 2.08841
-42.3946 1.73153
-39.8933 0.995481
-33.498 -1.91107
-18.0922 -13.9474
8.78091 -60.2738
-11.8666 -146.317
-72.4206 -84.211
-51.3533 30.6456
-60.8456 85.8051
-77.9076 57.5285
-66.1236 24.1319
-53.591 11.0051
-44.9577 6.03344
-35.6615 1.13599
-18.9092 -13.933
5.4313 -68.4482
-32.2216 -154.299
-94.3561 -90.7736
-75.1687 -19.6778
-56.4612 2.09886
-48.0734 8.36902
-44.0317 10.7609
-41.1716 12.1162
-37.2557 12.6013
-29.3316 9.98307
-11.6688 -5.33765
11.7214 -64.6031
-36.3106 -139.442
-85.856 -60.189
-60.5908 7.10517
-38.1316 28.9497
-22.406 34.0691
-10.952 35.6854
-1.23791 36.2731
-43.4804 4.47627
-42.8363 4.61898
-42.3445 4.69529
-42.4101 4.57561
-43.34 4.19208
-44.8238 3.75052
-45.9851 3.59036
-46.2588 3.75444
-45.8073 4.01635
-45.0704 4.19115
-44.3543 4.22076
-43.7864 4.11168
-43.4625 3.93026
-43.4504 3.63697
-43.5536 3.34807
-43.3365 3.03429
-42.5441 2.69492
-40.3697 1.91747
-35.3263 -0.792665
-24.9191 -10.2015
-11.3017 -37.647
-20.4138 -72.2905
-36.6255 -32.878
-13.7147 74.3171
-59.4155 164.138
-100.861 89.0547
-75.356 29.8686
-56.4239 12.6112
-46.3312 7.16076
-38.1439 2.56402
-27.1607 -9.09832
-17.1917 -40.9546
-38.4267 -77.7077
-69.0629 -50.9912
-63.7164 -12.1349
-52.9374 4.11236
-46.8351 9.86243
-43.4111 12.3211
-40.7986 13.7347
-37.3792 14.247
-31.3233 12.0711
-20.3685 1.01745
-11.3962 -31.4338
-35.7514 -61.3697
-60.2187 -26.0676
-49.3291 13.3012
-34.2344 30.9074
-21.4774 37.0107
-10.6229 38.5981
-1.10745 39.2029
-43.393 5.05117
-42.7228 5.47973
-42.2309 6.07214
-42.3683 6.67917
-43.4326 6.92723
-44.991 6.56396
-46.0991 5.87416
-46.2859 5.32397
-45.7965 5.04696
-45.0681 4.92687
-44.3803 4.83604
-43.8437 4.709
-43.5299 4.54561
-43.5426 4.32744
-43.6515 4.14192
-43.437 3.89962
-42.6963 3.59065
-40.8332 2.84106
-36.8789 0.484437
-29.6831 -6.49386
-21.477 -22.5171
-21.4857 -36.0915
-9.8687 -2.14001
48.2786 139.973
-63.3565 348.613
-149.76 138.405
-88.3258 34.7646
-59.6 13.6558
-47.6724 8.1506
-40.2388 4.13441
-32.85 -4.43938
-28.7057 -23.0967
-40.7753 -40.2451
-56.9378 -27.4946
-56.1382 -5.44507
-49.9935 6.34378
-45.6364 11.392
-42.7686 13.8161
-40.4119 15.2754
-37.4489 15.8876
-32.8493 14.32
-25.9702 6.90226
-22.341 -10.7276
-34.8664 -23.2361
-47.0183 -5.03895
-41.3855 18.9328
-30.5752 32.4531
-20.3599 39.4143
-10.2974 41.5535
-0.974158 42.1479
-43.2332 5.63168
-42.4644 6.36998
-41.8743 7.54389
-42.0414 8.98896
-43.3802 9.93733
-45.2771 9.57139
-46.4799 8.20996
-46.5502 6.8756
-45.9295 6.05333
-45.133 5.64714
-44.4274 5.44023
-43.8961 5.29248
-43.5933 5.12269
-43.604 4.97928
-43.6902 4.86957
-43.5193 4.70267
-42.8401 4.43451
-41.2536 3.75725
-38.1286 1.80537
-32.8908 -3.21433
-26.6479 -12.5785
-19.8354 -17.1611
15.7958 15.0851
174.83 236.252
-88.6697 897.006
-254.235 208.076
-104.9 36.7959
-62.8234 13.9313
-48.8712 8.96654
-41.9005 5.70777
-36.6411 -0.352711
-34.7695 -11.3546
-41.705 -19.8112
-50.6453 -13.0008
-51.1515 0.0857514
-47.6135 8.59225
-44.5182 12.925
-42.1198 15.2544
-40.004 16.7488
-37.4324 17.5007
-33.9036 16.5662
-29.3891 11.9396
-27.6019 2.54975
-33.8854 -2.43564
-39.6153 8.28037
-35.7879 23.6427
-27.5239 33.9925
-18.672 39.9652
-9.75785 43.2693
-0.843064 44.5554
-42.9963 6.2131
-42.0426 7.29459
-41.2257 9.16861
-41.3576 11.7074
-43.1647 13.5947
-45.7523 13.1344
-47.198 10.7908
-47.0774 8.4699
-46.2084 7.04413
-45.2631 6.34873
-44.4952 6.02984
-43.9455 5.8607
-43.6537 5.6899
-43.6404 5.59842
-43.7063 5.5505
-43.5832 5.45632
-42.968 5.23602
-41.6155 4.65457
-39.0993 3.09151
-35.0215 -0.475833
-29.3231 -6.08606
-17.4998 -7.30362
40.9774 20.1004
439.251 338.319
-272.033 3364.71
-459.655 270.33
-122.796 33.3363
-65.6303 13.3204
-49.8228 9.59527
-43.1406 7.19643
-39.1059 3.07995
-38.0498 -3.41735
-42.0311 -7.67915
-47.1179 -3.62607
-47.8248 4.53793
-45.7154 10.7381
-43.4791 14.4231
-41.4753 16.6383
-39.5714 18.1591
-37.3172 19.0641
-34.542 18.7062
-31.3525 16.1055
-30.0729 11.3774
-32.8862 9.90908
-35.0818 17.0191
-31.7742 27.4312
-25.009 35.4288
-17.1879 40.5068
-9.003 43.4287
-0.718157 44.586
-42.6777 6.78845
-41.4311 8.25359
-40.1981 11.009
-40.1625 15.1064
-42.7211 18.4422
-46.5481 17.7507
-48.3975 13.8365
-47.9248 10.1584
-46.6432 8.02213
-45.4571 7.02698
-44.5823 6.6014
-43.993 6.41212
-43.7059 6.2425
-43.656 6.18973
-43.7037 6.19294
-43.6287 6.16965
-43.0754 6.001
-41.9152 5.52324
-39.8383 4.2989
-36.4504 1.74801
-30.8194 -1.85341
-15.7144 -2.66927
60.6353 13.1315
854.642 294.528
-4826.58 33465
-750.36 217.484
-136.876 22.9189
-67.4777 11.9081
-50.4393 10.0577
-43.9972 8.55964
-40.6656 5.9156
-39.8418 2.13163
-42.069 0.0442479
-44.9829 2.72878
-45.5445 8.10644
-44.1999 12.7239
-42.5157 15.8584
-40.8409 17.9666
-39.1134 19.5066
-37.1315 20.5467
-34.8419 20.6868
-32.3701 19.5108
-31.108 17.474
-31.8996 17.7469
-32.0583 22.9633
-28.8143 30.4296
-22.9397 36.7148
-15.8936 41.0217
-8.3311 43.5909
-0.602285 44.625
-42.2739 7.34746
-40.5962 9.23773
-38.6546 13.1264
-38.165 19.574
-41.9023 25.372
-47.9169 24.2031
-50.336 17.6204
-49.1847 11.9784
-47.2491 8.98119
-45.7133 7.67507
-44.6869 7.15133
-44.0684 6.91367
-43.7432 6.77698
-43.6543 6.7572
-43.6857 6.80337
-43.6561 6.84912
-43.1604 6.73317
-42.1555 6.35679
-40.397 5.41
-37.4442 3.54036
-31.8413 0.922531
-15.2684 -1.00877
67.5048 -2.03361
1059.59 -47.8245
-3.077e+06 -3.07695e+06
-882.251 -27.0685
-141.155 7.67137
-67.9278 10.029
-50.7095 10.384
-44.5184 9.79116
-41.6097 8.25575
-40.8009 6.15206
-41.9549 5.26399
-43.5862 7.23402
-43.9232 10.9891
-42.9749 14.5319
-41.6437 17.226
-40.2196 19.2371
-38.6318 20.7905
-36.8728 21.9394
-34.8798 22.4887
-32.7794 22.296
-31.3741 21.8422
-30.9389 23.0083
-29.8783 27.1478
-26.5583 32.7937
-21.228 37.8364
-14.7692 41.4983
-7.73575 43.7509
-0.497215 44.6696
-41.7846 7.87572
-39.5013 10.2224
-36.3941 15.5657
-34.8283 25.681
-40.3898 35.9866
-50.3679 33.8402
-53.4589 22.4924
-50.9866 13.9413
-48.042 9.90281
-46.0279 8.28344
-44.8055 7.67584
-44.1351 7.39992
-43.7672 7.29449
-43.6379 7.30412
-43.6547 7.38688
-43.6657 7.49941
-43.2228 7.43527
-42.343 7.15233
-40.8214 6.42452
-38.1802 4.99825
-32.7517 2.79797
-16.4537 -0.739227
58.8446 -17.4291
750.686 -327.288
-1803.33 -15819
-677.376 -232.886
-133.38 -6.8451
-66.8419 8.18209
-50.5773 10.6728
-44.7548 10.906
-42.132 10.2042
-41.2731 9.17153
-41.7533 8.98244
-42.5981 10.5654
-42.719 13.3509
-41.9647 16.1663
-40.8508 18.5183
-39.6118 20.4479
-38.1296 22.0098
-36.5362 23.245
-34.7218 24.1131
-32.7991 24.5907
-31.216 25.0808
-30.0102 26.7098
-28.1977 30.1882
-24.7796 34.6637
-19.7983 38.7992
-13.7926 41.9305
-7.2097 43.9048
-0.403786 44.7173
-41.2073 8.34354
-38.1141 11.1609
-33.1391 18.3226
-29.1559 34.2673
-37.4627 53.4038
-54.9958 49.1577
-58.5282 28.8829
-53.4936 16.009
-49.0322 10.7529
-46.3934 8.83994
-44.9524 8.14427
-44.1925 7.87012
-43.779 7.79608
-43.6088 7.83317
-43.6123 7.94754
-43.6322 8.10482
-43.2635 8.10961
-42.4854 7.90985
-41.1484 7.35177
-38.768 6.21224
-33.7063 4.15999
-19.0502 -0.742572
39.6582 -26.2247
361.864 -313.582
-178.767 -2278.98
-394.437 -243.106
-117.131 -15.662
-64.4489 6.84115
-50.0812 11.003
-44.757 11.9289
-42.3622 11.851
-41.4485 11.52
-41.497 11.7589
-41.8443 13.1266
-41.7815 15.3197
-41.1106 17.6421
-40.1238 19.7331
-39.0171 21.5981
-37.6103 23.1641
-36.1357 24.4628
-34.4211 25.5717
-32.5696 26.5011
-30.8199 27.5578
-29.1164 29.4201
-26.8302 32.4617
-23.3316 36.1532
-18.5898 39.6178
-12.9424 42.3164
-6.74541 44.0493
-0.322103 44.7661
-40.5448 8.70986
-36.4216 11.9781
-28.5438 21.2821
-19.2738 46.5082
-31.3433 84.2325
-64.3506 75.0936
-66.8281 37.236
-56.881 18.0576
-50.2136 11.48
-46.7964 9.33071
-45.1073 8.56973
-44.2393 8.32373
-43.7789 8.28268
-43.5687 8.34658
-43.5602 8.48861
-43.5636 8.66905
-43.284 8.75834
-42.59 8.63138
-41.4048 8.20513
-39.2696 7.2576
-34.7349 5.26738
-22.5007 -0.378806
18.064 -27.0929
143.706 -208.954
-71.2703 -679.511
-216.712 -172.919
-98.5199 -17.7332
-61.2344 6.28069
-49.2998 11.4345
-44.574 12.886
-42.3876 13.2692
-41.4363 13.4085
-41.2042 13.9209
-41.2288 15.1667
-41.0162 16.9907
-40.3692 18.9777
-39.4502 20.8718
-38.3998 22.6592
-37.0887 24.2449
-35.6848 25.5948
-34.0188 26.8808
-32.1817 28.1107
-30.2904 29.5054
-28.2582 31.4738
-25.6703 34.2061
-22.1187 37.3505
-17.5548 40.3107
-12.1991 42.6569
-6.33547 44.1828
-0.282494 44.789
-39.8472 8.98768
-34.4363 12.5397
-22.2563 24.1198
-1.66559 63.7848
-17.0848 143.994
-84.9713 122.096
-80.4276 47.7364
-61.2785 19.8324
-51.5513 12.0179
-47.2379 9.69946
-45.2512 8.96552
-44.2736 8.76053
-43.767 8.75525
-43.519 8.8462
-43.4993 9.01271
-43.4881 9.21402
-43.2862 9.38355
-42.663 9.32006
-41.6088 8.99848
-39.7149 8.19155
-35.7999 6.27714
-26.1846 0.558694
-0.445764 -22.7037
45.0811 -125.454
-51.9449 -274.881
-128.752 -108.041
-82.0759 -15.017
-57.778 6.4859
-48.3309 11.9978
-44.2523 13.7996
-42.2691 14.5151
-41.3017 14.9748
-40.8856 15.6681
-40.6966 16.8441
-40.3635 18.4342
-39.7086 20.1915
-38.8193 21.9379
-37.7835 23.6478
-36.5958 25.2268
-35.1956 26.6454
-33.5459 28.0575
-31.6945 29.483
-29.6881 31.0748
-27.4358 33.0765
-24.6557 35.5755
-21.0777 38.3226
-16.657 40.8963
-11.5457 42.9549
-5.9729 44.3041
-0.26781 44.7937
-39.1517 9.15652
-32.2614 12.7395
-14.0887 26.1676
29.9707 86.7504
21.5324 274.201
-135.668 213.682
-102.281 59.5514
-66.6551 20.9174
-52.9808 12.2622
-47.6646 9.98046
-45.3754 9.33
-44.2929 9.18088
-43.7432 9.21477
-43.4607 9.33353
-43.4307 9.52195
-43.4063 9.74227
-43.2574 9.97188
-42.7094 9.97946
-41.7719 9.74419
-40.1146 9.05404
-36.8407 7.26911
-29.6273 1.99125
-14.1731 -16.2271
1.23408 -73.023
-46.3879 -129.672
-86.9699 -64.0679
-69.4319 -10.0914
-54.4588 7.33492
-47.2704 12.6932
-43.8338 14.6855
-42.0495 15.631
-41.0853 16.3104
-40.5483 17.1268
-40.2157 18.2617
-39.7851 19.7015
-39.1061 21.3004
-38.2223 22.9359
-37.1854 24.5812
-36.0873 26.1508
-34.6784 27.6197
-33.0253 29.1182
-31.1464 30.6667
-29.0491 32.3666
-26.6483 34.3591
-23.748 36.6728
-20.166 39.12
-15.8686 41.3915
-10.9675 43.2142
-5.65132 44.4132
-0.25388 44.7986
-38.5075 9.20508
-30.0862 12.4868
-4.37664 26.4269
85.1878 112.012
151.264 606.24
-277.792 403.735
-135.333 69.271
-72.6629 20.7339
-54.3684 12.1758
-48.0395 10.1746
-45.4705 9.66373
-44.2948 9.58575
-43.7071 9.66234
-43.3948 9.80985
-43.3551 10.0181
-43.3187 10.2559
-43.1802 10.5006
-42.7328 10.613
-41.9007 10.4522
-40.4694 9.87032
-37.8008 8.27092
-32.5683 3.72428
-23.591 -9.67864
-19.1585 -41.4035
-44.2307 -65.6988
-66.4937 -36.2797
-60.4141 -4.74904
-51.465 8.55345
-46.1978 13.4992
-43.3542 15.5527
-41.7603 16.6479
-40.8134 17.4775
-40.1969 18.3788
-39.7667 19.4887
-39.2564 20.8305
-38.5456 22.3192
-37.6523 23.871
-36.6236 25.4377
-35.5315 26.977
-34.1418 28.5234
-32.4741 30.0776
-30.5633 31.6985
-28.3953 33.4497
-25.895 35.4081
-22.9227 37.5679
-19.3545 39.7807
-15.1684 41.8113
-10.4527 43.439
-5.39834 44.4703
-0.24068 44.8036
