-3 -3
-2.74648 -3
-2.49296 -3
-2.23944 -3
-1.98592 -3
-1.73239 -3
-1.47887 -3
-1.22535 -3
-0.971831 -3
-0.71831 -3
-0.464789 -3
-0.211268 -3
0.0422535 -3
0.295775 -3
0.549296 -3
0.802817 -3
1.05634 -3
1.30986 -3
1.56338 -3
1.8169 -3
2.07042 -3
2.32394 -3
2.57746 -3
2.83099 -3
3.08451 -3
3.33803 -3
3.59155 -3
3.84507 -3
4.09859 -3
4.35211 -3
4.60563 -3
4.85915 -3
5.11268 -3
5.3662 -3
5.61972 -3
5.87324 -3
6.12676 -3
6.38028 -3
6.6338 -3
6.88732 -3
7.14085 -3
7.39437 -3
7.64789 -3
7.90141 -3
8.15493 -3
8.40845 -3
8.66197 -3
8.91549 -3
9.16901 -3
9.42254 -3
9.67606 -3
9.92958 -3
10.1831 -3
10.4366 -3
10.6901 -3
10.9437 -3
11.1972 -3
11.4507 -3
11.7042 -3
11.9577 -3
12.2113 -3
12.4648 -3
12.7183 -3
12.9718 -3
13.2254 -3
13.4789 -3
13.7324 -3
13.9859 -3
14.2394 -3
14.493 -3
14.7465 -3
15 -3
-3 -2.74648
-2.74648 -2.74648
-2.49296 -2.74648
-2.23944 -2.74648
-1.98592 -2.74648
-1.73239 -2.74648
-1.47887 -2.74648
-1.22535 -2.74648
-0.971831 -2.74648
-0.71831 -2.74648
-0.464789 -2.74648
-0.211268 -2.74648
0.0422535 -2.74648
0.295775 -2.74648
0.549296 -2.74648
0.802817 -2.74648
1.05634 -2.74648
1.30986 -2.74648
1.56338 -2.74648
1.8169 -2.74648
2.07042 -2.74648
2.32394 -2.74648
2.57746 -2.74648
2.83099 -2.74648
3.08451 -2.74648
3.33803 -2.74648
3.59155 -2.74648
3.84507 -2.74648
4.09859 -2.74648
4.35211 -2.74648
4.60563 -2.74648
4.85915 -2.74648
5.11268 -2.74648
5.3662 -2.74648
5.61972 -2.74648
5.87324 -2.74648
6.12676 -2.74648
6.38028 -2.74648
6.6338 -2.74648
6.88732 -2.74648
7.14085 -2.74648
7.39437 -2.74648
7.64789 -2.74648
7.90141 -2.74648
8.15493 -2.74648
8.40845 -2.74648
8.66197 -2.74648
8.91549 -2.74648
9.16901 -2.74648
9.42254 -2.74648
9.67606 -2.74648
9.92958 -2.74648
10.1831 -2.74648
10.4366 -2.74648
10.6901 -2.74648
10.9437 -2.74648
11.1972 -2.74648
11.4507 -2.74648
11.7042 -2.74648
11.9577 -2.74648
12.2113 -2.74648
12.4648 -2.74648
12.7183 -2.74648
12.9718 -2.74648
13.2254 -2.74648
13.4789 -2.74648
13.7324 -2.74648
13.9859 -2.74648
14.2394 -2.74648
14.493 -2.74648
14.7465 -2.74648
15 -2.74648
-3 -2.49296
-2.74648 -2.49296
-2.49296 -2.49296
-2.23944 -2.49296
-1.98592 -2.49296
-1.73239 -2.49296
-1.47887 -2.49296
-1.22535 -2.49296
-0.971831 -2.49296
-0.71831 -2.49296
-0.464789 -2.49296
-0.211268 -2.49296
0.0422535 -2.49296
0.295775 -2.49296
0.549296 -2.49296
0.802817 -2.49296
1.05634 -2.49296
1.30986 -2.49296
1.56338 -2.49296
1.8169 -2.49296
2.07042 -2.49296
2.32394 -2.49296
2.57746 -2.49296
2.83099 -2.49296
3.08451 -2.49296
3.33803 -2.49296
3.59155 -2.49296
3.84507 -2.49296
4.09859 -2.49296
4.35211 -2.49296
4.60563 -2.49296
4.85915 -2.49296
5.11268 -2.49296
5.3662 -2.49296
5.61972 -2.49296
5.87324 -2.49296
6.12676 -2.49296
6.38028 -2.49296
6.6338 -2.49296
6.88732 -2.49296
7.14085 -2.49296
7.39437 -2.49296
7.64789 -2.49296
7.90141 -2.49296
8.15493 -2.49296
8.40845 -2.49296
8.66197 -2.49296
8.91549 -2.49296
9.16901 -2.49296
9.42254 -2.49296
9.67606 -2.49296
9.92958 -2.49296
10.1831 -2.49296
10.4366 -2.49296
10.6901 -2.49296
10.9437 -2.49296
11.1972 -2.49296
11.4507 -2.49296
11.7042 -2.49296
11.9577 -2.49296
12.2113 -2.49296
12.4648 -2.49296
12.7183 -2.49296
12.9718 -2.49296
13.2254 -2.49296
13.4789 -2.49296
13.7324 -2.49296
13.9859 -2.49296
14.2394 -2.49296
14.493 -2.49296
14.7465 -2.49296
15 -2.49296
-3 -2.23944
-2.74648 -2.23944
-2.49296 -2.23944
-2.23944 -2.23944
-1.98592 -2.23944
-1.73239 -2.23944
-1.47887 -2.23944
-1.22535 -2.23944
-0.971831 -2.23944
-0.71831 -2.23944
-0.464789 -2.23944
-0.211268 -2.23944
0.0422535 -2.23944
0.295775 -2.23944
0.549296 -2.23944
0.802817 -2.23944
1.05634 -2.23944
1.30986 -2.23944
1.56338 -2.23944
1.8169 -2.23944
2.07042 -2.23944
2.32394 -2.23944
2.57746 -2.23944
2.83099 -2.23944
3.08451 -2.23944
3.33803 -2.23944
3.59155 -2.23944
3.84507 -2.23944
4.09859 -2.23944
4.35211 -2.23944
4.60563 -2.23944
4.85915 -2.23944
5.11268 -2.23944
5.3662 -2.23944
5.61972 -2.23944
5.87324 -2.23944
6.12676 -2.23944
6.38028 -2.23944
6.6338 -2.23944
6.88732 -2.23944
7.14085 -2.23944
7.39437 -2.23944
7.64789 -2.23944
7.90141 -2.23944
8.15493 -2.23944
8.40845 -2.23944
8.66197 -2.23944
8.91549 -2.23944
9.16901 -2.23944
9.42254 -2.23944
9.67606 -2.23944
9.92958 -2.23944
10.1831 -2.23944
10.4366 -2.23944
10.6901 -2.23944
10.9437 -2.23944
11.1972 -2.23944
11.4507 -2.23944
11.7042 -2.23944
11.9577 -2.23944
12.2113 -2.23944
12.4648 -2.23944
12.7183 -2.23944
12.9718 -2.23944
13.2254 -2.23944
13.4789 -2.23944
13.7324 -2.23944
13.9859 -2.23944
14.2394 -2.23944
14.493 -2.23944
14.7465 -2.23944
15 -2.23944
-3 -1.98592
-2.74648 -1.98592
-2.49296 -1.98592
-2.23944 -1.98592
-1.98592 -1.98592
-1.73239 -1.98592
-1.47887 -1.98592
-1.22535 -1.98592
-0.971831 -1.98592
-0.71831 -1.98592
-0.464789 -1.98592
-0.211268 -1.98592
0.0422535 -1.98592
0.295775 -1.98592
0.549296 -1.98592
0.802817 -1.98592
1.05634 -1.98592
1.30986 -1.98592
1.56338 -1.98592
1.8169 -1.98592
2.07042 -1.98592
2.32394 -1.98592
2.57746 -1.98592
2.83099 -1.98592
3.08451 -1.98592
3.33803 -1.98592
3.59155 -1.98592
3.84507 -1.98592
4.09859 -1.98592
4.35211 -1.98592
4.60563 -1.98592
4.85915 -1.98592
5.11268 -1.98592
5.3662 -1.98592
5.61972 -1.98592
5.87324 -1.98592
6.12676 -1.98592
6.38028 -1.98592
6.6338 -1.98592
6.88732 -1.98592
7.14085 -1.98592
7.39437 -1.98592
7.64789 -1.98592
7.90141 -1.98592
8.15493 -1.98592
8.40845 -1.98592
8.66197 -1.98592
8.91549 -1.98592
9.16901 -1.98592
9.42254 -1.98592
9.67606 -1.98592
9.92958 -1.98592
10.1831 -1.98592
10.4366 -1.98592
10.6901 -1.98592
10.9437 -1.98592
11.1972 -1.98592
11.4507 -1.98592
11.7042 -1.98592
11.9577 -1.98592
12.2113 -1.98592
12.4648 -1.98592
12.7183 -1.98592
12.9718 -1.98592
13.2254 -1.98592
13.4789 -1.98592
13.7324 -1.98592
13.9859 -1.98592
14.2394 -1.98592
14.493 -1.98592
14.7465 -1.98592
15 -1.98592
-3 -1.73239
-2.74648 -1.73239
-2.49296 -1.73239
-2.23944 -1.73239
-1.98592 -1.73239
-1.73239 -1.73239
-1.47887 -1.73239
-1.22535 -1.73239
-0.971831 -1.73239
-0.71831 -1.73239
-0.464789 -1.73239
-0.211268 -1.73239
0.0422535 -1.73239
0.295775 -1.73239
0.549296 -1.73239
0.802817 -1.73239
1.05634 -1.73239
1.30986 -1.73239
1.56338 -1.73239
1.8169 -1.73239
2.07042 -1.73239
2.32394 -1.73239
2.57746 -1.73239
2.83099 -1.73239
3.08451 -1.73239
3.33803 -1.73239
3.59155 -1.73239
3.84507 -1.73239
4.09859 -1.73239
4.35211 -1.73239
4.60563 -1.73239
4.85915 -1.73239
5.11268 -1.73239
5.3662 -1.73239
5.61972 -1.73239
5.87324 -1.73239
6.12676 -1.73239
6.38028 -1.73239
6.6338 -1.73239
6.88732 -1.73239
7.14085 -1.73239
7.39437 -1.73239
7.64789 -1.73239
7.90141 -1.73239
8.15493 -1.73239
8.40845 -1.73239
8.66197 -1.73239
8.91549 -1.73239
9.16901 -1.73239
9.42254 -1.73239
9.67606 -1.73239
9.92958 -1.73239
10.1831 -1.73239
10.4366 -1.73239
10.6901 -1.73239
10.9437 -1.73239
11.1972 -1.73239
11.4507 -1.73239
11.7042 -1.73239
11.9577 -1.73239
12.2113 -1.73239
12.4648 -1.73239
12.7183 -1.73239
12.9718 -1.73239
13.2254 -1.73239
13.4789 -1.73239
13.7324 -1.73239
13.9859 -1.73239
14.2394 -1.73239
14.493 -1.73239
14.7465 -1.73239
15 -1.73239
-3 -1.47887
-2.74648 -1.47887
-2.49296 -1.47887
-2.23944 -1.47887
-1.98592 -1.47887
-1.73239 -1.47887
-1.47887 -1.47887
-1.22535 -1.47887
-0.971831 -1.47887
-0.71831 -1.47887
-0.464789 -1.47887
-0.211268 -1.47887
0.0422535 -1.47887
0.295775 -1.47887
0.549296 -1.47887
0.802817 -1.47887
1.05634 -1.47887
1.30986 -1.47887
1.56338 -1.47887
1.8169 -1.47887
2.07042 -1.47887
2.32394 -1.47887
2.57746 -1.47887
2.83099 -1.47887
3.08451 -1.47887
3.33803 -1.47887
3.59155 -1.47887
3.84507 -1.47887
4.09859 -1.47887
4.35211 -1.47887
4.60563 -1.47887
4.85915 -1.47887
5.11268 -1.47887
5.3662 -1.47887
5.61972 -1.47887
5.87324 -1.47887
6.12676 -1.47887
6.38028 -1.47887
6.6338 -1.47887
6.88732 -1.47887
7.14085 -1.47887
7.39437 -1.47887
7.64789 -1.47887
7.90141 -1.47887
8.15493 -1.47887
8.40845 -1.47887
8.66197 -1.47887
8.91549 -1.47887
9.16901 -1.47887
9.42254 -1.47887
9.67606 -1.47887
9.92958 -1.47887
10.1831 -1.47887
10.4366 -1.47887
10.6901 -1.47887
10.9437 -1.47887
11.1972 -1.47887
11.4507 -1.47887
11.7042 -1.47887
11.9577 -1.47887
12.2113 -1.47887
12.4648 -1.47887
12.7183 -1.47887
12.9718 -1.47887
13.2254 -1.47887
13.4789 -1.47887
13.7324 -1.47887
13.9859 -1.47887
14.2394 -1.47887
14.493 -1.47887
14.7465 -1.47887
15 -1.47887
-3 -1.22535
-2.74648 -1.22535
-2.49296 -1.22535
-2.23944 -1.22535
-1.98592 -1.22535
-1.73239 -1.22535
-1.47887 -1.22535
-1.22535 -1.22535
-0.971831 -1.22535
-0.71831 -1.22535
-0.464789 -1.22535
-0.211268 -1.22535
0.0422535 -1.22535
0.295775 -1.22535
0.549296 -1.22535
0.802817 -1.22535
1.05634 -1.22535
1.30986 -1.22535
1.56338 -1.22535
1.8169 -1.22535
2.07042 -1.22535
2.32394 -1.22535
2.57746 -1.22535
2.83099 -1.22535
3.08451 -1.22535
3.33803 -1.22535
3.59155 -1.22535
3.84507 -1.22535
4.09859 -1.22535
4.35211 -1.22535
4.60563 -1.22535
4.85915 -1.22535
5.11268 -1.22535
5.3662 -1.22535
5.61972 -1.22535
5.87324 -1.22535
6.12676 -1.22535
6.38028 -1.22535
6.6338 -1.22535
6.88732 -1.22535
7.14085 -1.22535
7.39437 -1.22535
7.64789 -1.22535
7.90141 -1.22535
8.15493 -1.22535
8.40845 -1.22535
8.66197 -1.22535
8.91549 -1.22535
9.16901 -1.22535
9.42254 -1.22535
9.67606 -1.22535
9.92958 -1.22535
10.1831 -1.22535
10.4366 -1.22535
10.6901 -1.22535
10.9437 -1.22535
11.1972 -1.22535
11.4507 -1.22535
11.7042 -1.22535
11.9577 -1.22535
12.2113 -1.22535
12.4648 -1.22535
12.7183 -1.22535
12.9718 -1.22535
13.2254 -1.22535
13.4789 -1.22535
13.7324 -1.22535
13.9859 -1.22535
14.2394 -1.22535
14.493 -1.22535
14.7465 -1.22535
15 -1.22535
-3 -0.971831
-2.74648 -0.971831
-2.49296 -0.971831
-2.23944 -0.971831
-1.98592 -0.971831
-1.73239 -0.971831
-1.47887 -0.971831
-1.22535 -0.971831
-0.971831 -0.971831
-0.71831 -0.971831
-0.464789 -0.971831
-0.211268 -0.971831
0.0422535 -0.971831
0.295775 -0.971831
0.549296 -0.971831
0.802817 -0.971831
1.05634 -0.971831
1.30986 -0.971831
1.56338 -0.971831
1.8169 -0.971831
2.07042 -0.971831
2.32394 -0.971831
2.57746 -0.971831
2.83099 -0.971831
3.08451 -0.971831
3.33803 -0.971831
3.59155 -0.971831
3.84507 -0.971831
4.09859 -0.971831
4.35211 -0.971831
4.60563 -0.971831
4.85915 -0.971831
5.11268 -0.971831
5.3662 -0.971831
5.61972 -0.971831
5.87324 -0.971831
6.12676 -0.971831
6.38028 -0.971831
6.6338 -0.971831
6.88732 -0.971831
7.14085 -0.971831
7.39437 -0.971831
7.64789 -0.971831
7.90141 -0.971831
8.15493 -0.971831
8.40845 -0.971831
8.66197 -0.971831
8.91549 -0.971831
9.16901 -0.971831
9.42254 -0.971831
9.67606 -0.971831
9.92958 -0.971831
10.1831 -0.971831
10.4366 -0.971831
10.6901 -0.971831
10.9437 -0.971831
11.1972 -0.971831
11.4507 -0.971831
11.7042 -0.971831
11.9577 -0.971831
12.2113 -0.971831
12.4648 -0.971831
12.7183 -0.971831
12.9718 -0.971831
13.2254 -0.971831
13.4789 -0.971831
13.7324 -0.971831
13.9859 -0.971831
14.2394 -0.971831
14.493 -0.971831
14.7465 -0.971831
15 -0.971831
-3 -0.71831
-2.74648 -0.71831
-2.49296 -0.71831
-2.23944 -0.71831
-1.98592 -0.71831
-1.73239 -0.71831
-1.47887 -0.71831
-1.22535 -0.71831
-0.971831 -0.71831
-0.71831 -0.71831
-0.464789 -0.71831
-0.211268 -0.71831
0.0422535 -0.71831
0.295775 -0.71831
0.549296 -0.71831
0.802817 -0.71831
1.05634 -0.71831
1.30986 -0.71831
1.56338 -0.71831
1.8169 -0.71831
2.07042 -0.71831
2.32394 -0.71831
2.57746 -0.71831
2.83099 -0.71831
3.08451 -0.71831
3.33803 -0.71831
3.59155 -0.71831
3.84507 -0.71831
4.09859 -0.71831
4.35211 -0.71831
4.60563 -0.71831
4.85915 -0.71831
5.11268 -0.71831
5.3662 -0.71831
5.61972 -0.71831
5.87324 -0.71831
6.12676 -0.71831
6.38028 -0.71831
6.6338 -0.71831
6.88732 -0.71831
7.14085 -0.71831
7.39437 -0.71831
7.64789 -0.71831
7.90141 -0.71831
8.15493 -0.71831
8.40845 -0.71831
8.66197 -0.71831
8.91549 -0.71831
9.16901 -0.71831
9.42254 -0.71831
9.67606 -0.71831
9.92958 -0.71831
10.1831 -0.71831
10.4366 -0.71831
10.6901 -0.71831
10.9437 -0.71831
11.1972 -0.71831
11.4507 -0.71831
11.7042 -0.71831
11.9577 -0.71831
12.2113 -0.71831
12.4648 -0.71831
12.7183 -0.71831
12.9718 -0.71831
13.2254 -0.71831
13.4789 -0.71831
13.7324 -0.71831
13.9859 -0.71831
14.2394 -0.71831
14.493 -0.71831
14.7465 -0.71831
15 -0.71831
-3 -0.464789
-2.74648 -0.464789
-2.49296 -0.464789
-2.23944 -0.464789
-1.98592 -0.464789
-1.73239 -0.464789
-1.47887 -0.464789
-1.22535 -0.464789
-0.971831 -0.464789
-0.71831 -0.464789
-0.464789 -0.464789
-0.211268 -0.464789
0.0422535 -0.464789
0.295775 -0.464789
0.549296 -0.464789
0.802817 -0.464789
1.05634 -0.464789
1.30986 -0.464789
1.56338 -0.464789
1.8169 -0.464789
2.07042 -0.464789
2.32394 -0.464789
2.57746 -0.464789
2.83099 -0.464789
3.08451 -0.464789
3.33803 -0.464789
3.59155 -0.464789
3.84507 -0.464789
4.09859 -0.464789
4.35211 -0.464789
4.60563 -0.464789
4.85915 -0.464789
5.11268 -0.464789
5.3662 -0.464789
5.61972 -0.464789
5.87324 -0.464789
6.12676 -0.464789
6.38028 -0.464789
6.6338 -0.464789
6.88732 -0.464789
7.14085 -0.464789
7.39437 -0.464789
7.64789 -0.464789
7.90141 -0.464789
8.15493 -0.464789
8.40845 -0.464789
8.66197 -0.464789
8.91549 -0.464789
9.16901 -0.464789
9.42254 -0.464789
9.67606 -0.464789
9.92958 -0.464789
10.1831 -0.464789
10.4366 -0.464789
10.6901 -0.464789
10.9437 -0.464789
11.1972 -0.464789
11.4507 -0.464789
11.7042 -0.464789
11.9577 -0.464789
12.2113 -0.464789
12.4648 -0.464789
12.7183 -0.464789
12.9718 -0.464789
13.2254 -0.464789
13.4789 -0.464789
13.7324 -0.464789
13.9859 -0.464789
14.2394 -0.464789
14.493 -0.464789
14.7465 -0.464789
15 -0.464789
-3 -0.211268
-2.74648 -0.211268
-2.49296 -0.211268
-2.23944 -0.211268
-1.98592 -0.211268
-1.73239 -0.211268
-1.47887 -0.211268
-1.22535 -0.211268
-0.971831 -0.211268
-0.71831 -0.211268
-0.464789 -0.211268
-0.211268 -0.211268
0.0422535 -0.211268
0.295775 -0.211268
0.549296 -0.211268
0.802817 -0.211268
1.05634 -0.211268
1.30986 -0.211268
1.56338 -0.211268
1.8169 -0.211268
2.07042 -0.211268
2.32394 -0.211268
2.57746 -0.211268
2.83099 -0.211268
3.08451 -0.211268
3.33803 -0.211268
3.59155 -0.211268
3.84507 -0.211268
4.09859 -0.211268
4.35211 -0.211268
4.60563 -0.211268
4.85915 -0.211268
5.11268 -0.211268
5.3662 -0.211268
5.61972 -0.211268
5.87324 -0.211268
6.12676 -0.211268
6.38028 -0.211268
6.6338 -0.211268
6.88732 -0.211268
7.14085 -0.211268
7.39437 -0.211268
7.64789 -0.211268
7.90141 -0.211268
8.15493 -0.211268
8.40845 -0.211268
8.66197 -0.211268
8.91549 -0.211268
9.16901 -0.211268
9.42254 -0.211268
9.67606 -0.211268
9.92958 -0.211268
10.1831 -0.211268
10.4366 -0.211268
10.6901 -0.211268
10.9437 -0.211268
11.1972 -0.211268
11.4507 -0.211268
11.7042 -0.211268
11.9577 -0.211268
12.2113 -0.211268
12.4648 -0.211268
12.7183 -0.211268
12.9718 -0.211268
13.2254 -0.211268
13.4789 -0.211268
13.7324 -0.211268
13.9859 -0.211268
14.2394 -0.211268
14.493 -0.211268
14.7465 -0.211268
15 -0.211268
-3 0.0422535
-2.74648 0.0422535
-2.49296 0.0422535
-2.23944 0.0422535
-1.98592 0.0422535
-1.73239 0.0422535
-1.47887 0.0422535
-1.22535 0.0422535
-0.971831 0.0422535
-0.71831 0.0422535
-0.464789 0.0422535
-0.211268 0.0422535
0.0422535 0.0422535
0.295775 0.0422535
0.549296 0.0422535
0.802817 0.0422535
1.05634 0.0422535
1.30986 0.0422535
1.56338 0.0422535
1.8169 0.0422535
2.07042 0.0422535
2.32394 0.0422535
2.57746 0.0422535
2.83099 0.0422535
3.08451 0.0422535
3.33803 0.0422535
3.59155 0.0422535
3.84507 0.0422535
4.09859 0.0422535
4.35211 0.0422535
4.60563 0.0422535
4.85915 0.0422535
5.11268 0.0422535
5.3662 0.0422535
5.61972 0.0422535
5.87324 0.0422535
6.12676 0.0422535
6.38028 0.0422535
6.6338 0.0422535
6.88732 0.0422535
7.14085 0.0422535
7.39437 0.0422535
7.64789 0.0422535
7.90141 0.0422535
8.15493 0.0422535
8.40845 0.0422535
8.66197 0.0422535
8.91549 0.0422535
9.16901 0.0422535
9.42254 0.0422535
9.67606 0.0422535
9.92958 0.0422535
10.1831 0.0422535
10.4366 0.0422535
10.6901 0.0422535
10.9437 0.0422535
11.1972 0.0422535
11.4507 0.0422535
11.7042 0.0422535
11.9577 0.0422535
12.2113 0.0422535
12.4648 0.0422535
12.7183 0.0422535
12.9718 0.0422535
13.2254 0.0422535
13.4789 0.0422535
13.7324 0.0422535
13.9859 0.0422535
14.2394 0.0422535
14.493 0.0422535
14.7465 0.0422535
15 0.0422535
-3 0.295775
-2.74648 0.295775
-2.49296 0.295775
-2.23944 0.295775
-1.98592 0.295775
-1.73239 0.295775
-1.47887 0.295775
-1.22535 0.295775
-0.971831 0.295775
-0.71831 0.295775
-0.464789 0.295775
-0.211268 0.295775
0.0422535 0.295775
0.295775 0.295775
0.549296 0.295775
0.802817 0.295775
1.05634 0.295775
1.30986 0.295775
1.56338 0.295775
1.8169 0.295775
2.07042 0.295775
2.32394 0.295775
2.57746 0.295775
2.83099 0.295775
3.08451 0.295775
3.33803 0.295775
3.59155 0.295775
3.84507 0.295775
4.09859 0.295775
4.35211 0.295775
4.60563 0.295775
4.85915 0.295775
5.11268 0.295775
5.3662 0.295775
5.61972 0.295775
5.87324 0.295775
6.12676 0.295775
6.38028 0.295775
6.6338 0.295775
6.88732 0.295775
7.14085 0.295775
7.39437 0.295775
7.64789 0.295775
7.90141 0.295775
8.15493 0.295775
8.40845 0.295775
8.66197 0.295775
8.91549 0.295775
9.16901 0.295775
9.42254 0.295775
9.67606 0.295775
9.92958 0.295775
10.1831 0.295775
10.4366 0.295775
10.6901 0.295775
10.9437 0.295775
11.1972 0.295775
11.4507 0.295775
11.7042 0.295775
11.9577 0.295775
12.2113 0.295775
12.4648 0.295775
12.7183 0.295775
12.9718 0.295775
13.2254 0.295775
13.4789 0.295775
13.7324 0.295775
13.9859 0.295775
14.2394 0.295775
14.493 0.295775
14.7465 0.295775
15 0.295775
-3 0.549296
-2.74648 0.549296
-2.49296 0.549296
-2.23944 0.549296
-1.98592 0.549296
-1.73239 0.549296
-1.47887 0.549296
-1.22535 0.549296
-0.971831 0.549296
-0.71831 0.549296
-0.464789 0.549296
-0.211268 0.549296
0.0422535 0.549296
0.295775 0.549296
0.549296 0.549296
0.802817 0.549296
1.05634 0.549296
1.30986 0.549296
1.56338 0.549296
1.8169 0.549296
2.07042 0.549296
2.32394 0.549296
2.57746 0.549296
2.83099 0.549296
3.08451 0.549296
3.33803 0.549296
3.59155 0.549296
3.84507 0.549296
4.09859 0.549296
4.35211 0.549296
4.60563 0.549296
4.85915 0.549296
5.11268 0.549296
5.3662 0.549296
5.61972 0.549296
5.87324 0.549296
6.12676 0.549296
6.38028 0.549296
6.6338 0.549296
6.88732 0.549296
7.14085 0.549296
7.39437 0.549296
7.64789 0.549296
7.90141 0.549296
8.15493 0.549296
8.40845 0.549296
8.66197 0.549296
8.91549 0.549296
9.16901 0.549296
9.42254 0.549296
9.67606 0.549296
9.92958 0.549296
10.1831 0.549296
10.4366 0.549296
10.6901 0.549296
10.9437 0.549296
11.1972 0.549296
11.4507 0.549296
11.7042 0.549296
11.9577 0.549296
12.2113 0.549296
12.4648 0.549296
12.7183 0.549296
12.9718 0.549296
13.2254 0.549296
13.4789 0.549296
13.7324 0.549296
13.9859 0.549296
14.2394 0.549296
14.493 0.549296
14.7465 0.549296
15 0.549296
-3 0.802817
-2.74648 0.802817
-2.49296 0.802817
-2.23944 0.802817
-1.98592 0.802817
-1.73239 0.802817
-1.47887 0.802817
-1.22535 0.802817
-0.971831 0.802817
-0.71831 0.802817
-0.464789 0.802817
-0.211268 0.802817
0.0422535 0.802817
0.295775 0.802817
0.549296 0.802817
0.802817 0.802817
1.05634 0.802817
1.30986 0.802817
1.56338 0.802817
1.8169 0.802817
2.07042 0.802817
2.32394 0.802817
2.57746 0.802817
2.83099 0.802817
3.08451 0.802817
3.33803 0.802817
3.59155 0.802817
3.84507 0.802817
4.09859 0.802817
4.35211 0.802817
4.60563 0.802817
4.85915 0.802817
5.11268 0.802817
5.3662 0.802817
5.61972 0.802817
5.87324 0.802817
6.12676 0.802817
6.38028 0.802817
6.6338 0.802817
6.88732 0.802817
7.14085 0.802817
7.39437 0.802817
7.64789 0.802817
7.90141 0.802817
8.15493 0.802817
8.40845 0.802817
8.66197 0.802817
8.91549 0.802817
9.16901 0.802817
9.42254 0.802817
9.67606 0.802817
9.92958 0.802817
10.1831 0.802817
10.4366 0.802817
10.6901 0.802817
10.9437 0.802817
11.1972 0.802817
11.4507 0.802817
11.7042 0.802817
11.9577 0.802817
12.2113 0.802817
12.4648 0.802817
12.7183 0.802817
12.9718 0.802817
13.2254 0.802817
13.4789 0.802817
13.7324 0.802817
13.9859 0.802817
14.2394 0.802817
14.493 0.802817
14.7465 0.802817
15 0.802817
-3 1.05634
-2.74648 1.05634
-2.49296 1.05634
-2.23944 1.05634
-1.98592 1.05634
-1.73239 1.05634
-1.47887 1.05634
-1.22535 1.05634
-0.971831 1.05634
-0.71831 1.05634
-0.464789 1.05634
-0.211268 1.05634
0.0422535 1.05634
0.295775 1.05634
0.549296 1.05634
0.802817 1.05634
1.05634 1.05634
1.30986 1.05634
1.56338 1.05634
1.8169 1.05634
2.07042 1.05634
2.32394 1.05634
2.57746 1.05634
2.83099 1.05634
3.08451 1.05634
3.33803 1.05634
3.59155 1.05634
3.84507 1.05634
4.09859 1.05634
4.35211 1.05634
4.60563 1.05634
4.85915 1.05634
5.11268 1.05634
5.3662 1.05634
5.61972 1.05634
5.87324 1.05634
6.12676 1.05634
6.38028 1.05634
6.6338 1.05634
6.88732 1.05634
7.14085 1.05634
7.39437 1.05634
7.64789 1.05634
7.90141 1.05634
8.15493 1.05634
8.40845 1.05634
8.66197 1.05634
8.91549 1.05634
9.16901 1.05634
9.42254 1.05634
9.67606 1.05634
9.92958 1.05634
10.1831 1.05634
10.4366 1.05634
10.6901 1.05634
10.9437 1.05634
11.1972 1.05634
11.4507 1.05634
11.7042 1.05634
11.9577 1.05634
12.2113 1.05634
12.4648 1.05634
12.7183 1.05634
12.9718 1.05634
13.2254 1.05634
13.4789 1.05634
13.7324 1.05634
13.9859 1.05634
14.2394 1.05634
14.493 1.05634
14.7465 1.05634
15 1.05634
-3 1.30986
-2.74648 1.30986
-2.49296 1.30986
-2.23944 1.30986
-1.98592 1.30986
-1.73239 1.30986
-1.47887 1.30986
-1.22535 1.30986
-0.971831 1.30986
-0.71831 1.30986
-0.464789 1.30986
-0.211268 1.30986
0.0422535 1.30986
0.295775 1.30986
0.549296 1.30986
0.802817 1.30986
1.05634 1.30986
1.30986 1.30986
1.56338 1.30986
1.8169 1.30986
2.07042 1.30986
2.32394 1.30986
2.57746 1.30986
2.83099 1.30986
3.08451 1.30986
3.33803 1.30986
3.59155 1.30986
3.84507 1.30986
4.09859 1.30986
4.35211 1.30986
4.60563 1.30986
4.85915 1.30986
5.11268 1.30986
5.3662 1.30986
5.61972 1.30986
5.87324 1.30986
6.12676 1.30986
6.38028 1.30986
6.6338 1.30986
6.88732 1.30986
7.14085 1.30986
7.39437 1.30986
7.64789 1.30986
7.90141 1.30986
8.15493 1.30986
8.40845 1.30986
8.66197 1.30986
8.91549 1.30986
9.16901 1.30986
9.42254 1.30986
9.67606 1.30986
9.92958 1.30986
10.1831 1.30986
10.4366 1.30986
10.6901 1.30986
10.9437 1.30986
11.1972 1.30986
11.4507 1.30986
11.7042 1.30986
11.9577 1.30986
12.2113 1.30986
12.4648 1.30986
12.7183 1.30986
12.9718 1.30986
13.2254 1.30986
13.4789 1.30986
13.7324 1.30986
13.9859 1.30986
14.2394 1.30986
14.493 1.30986
14.7465 1.30986
15 1.30986
-3 1.56338
-2.74648 1.56338
-2.49296 1.56338
-2.23944 1.56338
-1.98592 1.56338
-1.73239 1.56338
-1.47887 1.56338
-1.22535 1.56338
-0.971831 1.56338
-0.71831 1.56338
-0.464789 1.56338
-0.211268 1.56338
0.0422535 1.56338
0.295775 1.56338
0.549296 1.56338
0.802817 1.56338
1.05634 1.56338
1.30986 1.56338
1.56338 1.56338
1.8169 1.56338
2.07042 1.56338
2.32394 1.56338
2.57746 1.56338
2.83099 1.56338
3.08451 1.56338
3.33803 1.56338
3.59155 1.56338
3.84507 1.56338
4.09859 1.56338
4.35211 1.56338
4.60563 1.56338
4.85915 1.56338
5.11268 1.56338
5.3662 1.56338
5.61972 1.56338
5.87324 1.56338
6.12676 1.56338
6.38028 1.56338
6.6338 1.56338
6.88732 1.56338
7.14085 1.56338
7.39437 1.56338
7.64789 1.56338
7.90141 1.56338
8.15493 1.56338
8.40845 1.56338
8.66197 1.56338
8.91549 1.56338
9.16901 1.56338
9.42254 1.56338
9.67606 1.56338
9.92958 1.56338
10.1831 1.56338
10.4366 1.56338
10.6901 1.56338
10.9437 1.56338
11.1972 1.56338
11.4507 1.56338
11.7042 1.56338
11.9577 1.56338
12.2113 1.56338
12.4648 1.56338
12.7183 1.56338
12.9718 1.56338
13.2254 1.56338
13.4789 1.56338
13.7324 1.56338
13.9859 1.56338
14.2394 1.56338
14.493 1.56338
14.7465 1.56338
15 1.56338
-3 1.8169
-2.74648 1.8169
-2.49296 1.8169
-2.23944 1.8169
-1.98592 1.8169
-1.73239 1.8169
-1.47887 1.8169
-1.22535 1.8169
-0.971831 1.8169
-0.71831 1.8169
-0.464789 1.8169
-0.211268 1.8169
0.0422535 1.8169
0.295775 1.8169
0.549296 1.8169
0.802817 1.8169
1.05634 1.8169
1.30986 1.8169
1.56338 1.8169
1.8169 1.8169
2.07042 1.8169
2.32394 1.8169
2.57746 1.8169
2.83099 1.8169
3.08451 1.8169
3.33803 1.8169
3.59155 1.8169
3.84507 1.8169
4.09859 1.8169
4.35211 1.8169
4.60563 1.8169
4.85915 1.8169
5.11268 1.8169
5.3662 1.8169
5.61972 1.8169
5.87324 1.8169
6.12676 1.8169
6.38028 1.8169
6.6338 1.8169
6.88732 1.8169
7.14085 1.8169
7.39437 1.8169
7.64789 1.8169
7.90141 1.8169
8.15493 1.8169
8.40845 1.8169
8.66197 1.8169
8.91549 1.8169
9.16901 1.8169
9.42254 1.8169
9.67606 1.8169
9.92958 1.8169
10.1831 1.8169
10.4366 1.8169
10.6901 1.8169
10.9437 1.8169
11.1972 1.8169
11.4507 1.8169
11.7042 1.8169
11.9577 1.8169
12.2113 1.8169
12.4648 1.8169
12.7183 1.8169
12.9718 1.8169
13.2254 1.8169
13.4789 1.8169
13.7324 1.8169
13.9859 1.8169
14.2394 1.8169
14.493 1.8169
14.7465 1.8169
15 1.8169
-3 2.07042
-2.74648 2.07042
-2.49296 2.07042
-2.23944 2.07042
-1.98592 2.07042
-1.73239 2.07042
-1.47887 2.07042
-1.22535 2.07042
-0.971831 2.07042
-0.71831 2.07042
-0.464789 2.07042
-0.211268 2.07042
0.0422535 2.07042
0.295775 2.07042
0.549296 2.07042
0.802817 2.07042
1.05634 2.07042
1.30986 2.07042
1.56338 2.07042
1.8169 2.07042
2.07042 2.07042
2.32394 2.07042
2.57746 2.07042
2.83099 2.07042
3.08451 2.07042
3.33803 2.07042
3.59155 2.07042
3.84507 2.07042
4.09859 2.07042
4.35211 2.07042
4.60563 2.07042
4.85915 2.07042
5.11268 2.07042
5.3662 2.07042
5.61972 2.07042
5.87324 2.07042
6.12676 2.07042
6.38028 2.07042
6.6338 2.07042
6.88732 2.07042
7.14085 2.07042
7.39437 2.07042
7.64789 2.07042
7.90141 2.07042
8.15493 2.07042
8.40845 2.07042
8.66197 2.07042
8.91549 2.07042
9.16901 2.07042
9.42254 2.07042
9.67606 2.07042
9.92958 2.07042
10.1831 2.07042
10.4366 2.07042
10.6901 2.07042
10.9437 2.07042
11.1972 2.07042
11.4507 2.07042
11.7042 2.07042
11.9577 2.07042
12.2113 2.07042
12.4648 2.07042
12.7183 2.07042
12.9718 2.07042
13.2254 2.07042
13.4789 2.07042
13.7324 2.07042
13.9859 2.07042
14.2394 2.07042
14.493 2.07042
14.7465 2.07042
15 2.07042
-3 2.32394
-2.74648 2.32394
-2.49296 2.32394
-2.23944 2.32394
-1.98592 2.32394
-1.73239 2.32394
-1.47887 2.32394
-1.22535 2.32394
-0.971831 2.32394
-0.71831 2.32394
-0.464789 2.32394
-0.211268 2.32394
0.0422535 2.32394
0.295775 2.32394
0.549296 2.32394
0.802817 2.32394
1.05634 2.32394
1.30986 2.32394
1.56338 2.32394
1.8169 2.32394
2.07042 2.32394
2.32394 2.32394
2.57746 2.32394
2.83099 2.32394
3.08451 2.32394
3.33803 2.32394
3.59155 2.32394
3.84507 2.32394
4.09859 2.32394
4.35211 2.32394
4.60563 2.32394
4.85915 2.32394
5.11268 2.32394
5.3662 2.32394
5.61972 2.32394
5.87324 2.32394
6.12676 2.32394
6.38028 2.32394
6.6338 2.32394
6.88732 2.32394
7.14085 2.32394
7.39437 2.32394
7.64789 2.32394
7.90141 2.32394
8.15493 2.32394
8.40845 2.32394
8.66197 2.32394
8.91549 2.32394
9.16901 2.32394
9.42254 2.32394
9.67606 2.32394
9.92958 2.32394
10.1831 2.32394
10.4366 2.32394
10.6901 2.32394
10.9437 2.32394
11.1972 2.32394
11.4507 2.32394
11.7042 2.32394
11.9577 2.32394
12.2113 2.32394
12.4648 2.32394
12.7183 2.32394
12.9718 2.32394
13.2254 2.32394
13.4789 2.32394
13.7324 2.32394
13.9859 2.32394
14.2394 2.32394
14.493 2.32394
14.7465 2.32394
15 2.32394
-3 2.57746
-2.74648 2.57746
-2.49296 2.57746
-2.23944 2.57746
-1.98592 2.57746
-1.73239 2.57746
-1.47887 2.57746
-1.22535 2.57746
-0.971831 2.57746
-0.71831 2.57746
-0.464789 2.57746
-0.211268 2.57746
0.0422535 2.57746
0.295775 2.57746
0.549296 2.57746
0.802817 2.57746
1.05634 2.57746
1.30986 2.57746
1.56338 2.57746
1.8169 2.57746
2.07042 2.57746
2.32394 2.57746
2.57746 2.57746
2.83099 2.57746
3.08451 2.57746
3.33803 2.57746
3.59155 2.57746
3.84507 2.57746
4.09859 2.57746
4.35211 2.57746
4.60563 2.57746
4.85915 2.57746
5.11268 2.57746
5.3662 2.57746
5.61972 2.57746
5.87324 2.57746
6.12676 2.57746
6.38028 2.57746
6.6338 2.57746
6.88732 2.57746
7.14085 2.57746
7.39437 2.57746
7.64789 2.57746
7.90141 2.57746
8.15493 2.57746
8.40845 2.57746
8.66197 2.57746
8.91549 2.57746
9.16901 2.57746
9.42254 2.57746
9.67606 2.57746
9.92958 2.57746
10.1831 2.57746
10.4366 2.57746
10.6901 2.57746
10.9437 2.57746
11.1972 2.57746
11.4507 2.57746
11.7042 2.57746
11.9577 2.57746
12.2113 2.57746
12.4648 2.57746
12.7183 2.57746
12.9718 2.57746
13.2254 2.57746
13.4789 2.57746
13.7324 2.57746
13.9859 2.57746
14.2394 2.57746
14.493 2.57746
14.7465 2.57746
15 2.57746
-3 2.83099
-2.74648 2.83099
-2.49296 2.83099
-2.23944 2.83099
-1.98592 2.83099
-1.73239 2.83099
-1.47887 2.83099
-1.22535 2.83099
-0.971831 2.83099
-0.71831 2.83099
-0.464789 2.83099
-0.211268 2.83099
0.0422535 2.83099
0.295775 2.83099
0.549296 2.83099
0.802817 2.83099
1.05634 2.83099
1.30986 2.83099
1.56338 2.83099
1.8169 2.83099
2.07042 2.83099
2.32394 2.83099
2.57746 2.83099
2.83099 2.83099
3.08451 2.83099
3.33803 2.83099
3.59155 2.83099
3.84507 2.83099
4.09859 2.83099
4.35211 2.83099
4.60563 2.83099
4.85915 2.83099
5.11268 2.83099
5.3662 2.83099
5.61972 2.83099
5.87324 2.83099
6.12676 2.83099
6.38028 2.83099
6.6338 2.83099
6.88732 2.83099
7.14085 2.83099
7.39437 2.83099
7.64789 2.83099
7.90141 2.83099
8.15493 2.83099
8.40845 2.83099
8.66197 2.83099
8.91549 2.83099
9.16901 2.83099
9.42254 2.83099
9.67606 2.83099
9.92958 2.83099
10.1831 2.83099
10.4366 2.83099
10.6901 2.83099
10.9437 2.83099
11.1972 2.83099
11.4507 2.83099
11.7042 2.83099
11.9577 2.83099
12.2113 2.83099
12.4648 2.83099
12.7183 2.83099
12.9718 2.83099
13.2254 2.83099
13.4789 2.83099
13.7324 2.83099
13.9859 2.83099
14.2394 2.83099
14.493 2.83099
14.7465 2.83099
15 2.83099
-3 3.08451
-2.74648 3.08451
-2.49296 3.08451
-2.23944 3.08451
-1.98592 3.08451
-1.73239 3.08451
-1.47887 3.08451
-1.22535 3.08451
-0.971831 3.08451
-0.71831 3.08451
-0.464789 3.08451
-0.211268 3.08451
0.0422535 3.08451
0.295775 3.08451
0.549296 3.08451
0.802817 3.08451
1.05634 3.08451
1.30986 3.08451
1.56338 3.08451
1.8169 3.08451
2.07042 3.08451
2.32394 3.08451
2.57746 3.08451
2.83099 3.08451
3.08451 3.08451
3.33803 3.08451
3.59155 3.08451
3.84507 3.08451
4.09859 3.08451
4.35211 3.08451
4.60563 3.08451
4.85915 3.08451
5.11268 3.08451
5.3662 3.08451
5.61972 3.08451
5.87324 3.08451
6.12676 3.08451
6.38028 3.08451
6.6338 3.08451
6.88732 3.08451
7.14085 3.08451
7.39437 3.08451
7.64789 3.08451
7.90141 3.08451
8.15493 3.08451
8.40845 3.08451
8.66197 3.08451
8.91549 3.08451
9.16901 3.08451
9.42254 3.08451
9.67606 3.08451
9.92958 3.08451
10.1831 3.08451
10.4366 3.08451
10.6901 3.08451
10.9437 3.08451
11.1972 3.08451
11.4507 3.08451
11.7042 3.08451
11.9577 3.08451
12.2113 3.08451
12.4648 3.08451
12.7183 3.08451
12.9718 3.08451
13.2254 3.08451
13.4789 3.08451
13.7324 3.08451
13.9859 3.08451
14.2394 3.08451
14.493 3.08451
14.7465 3.08451
15 3.08451
-3 3.33803
-2.74648 3.33803
-2.49296 3.33803
-2.23944 3.33803
-1.98592 3.33803
-1.73239 3.33803
-1.47887 3.33803
-1.22535 3.33803
-0.971831 3.33803
-0.71831 3.33803
-0.464789 3.33803
-0.211268 3.33803
0.0422535 3.33803
0.295775 3.33803
0.549296 3.33803
0.802817 3.33803
1.05634 3.33803
1.30986 3.33803
1.56338 3.33803
1.8169 3.33803
2.07042 3.33803
2.32394 3.33803
2.57746 3.33803
2.83099 3.33803
3.08451 3.33803
3.33803 3.33803
3.59155 3.33803
3.84507 3.33803
4.09859 3.33803
4.35211 3.33803
4.60563 3.33803
4.85915 3.33803
5.11268 3.33803
5.3662 3.33803
5.61972 3.33803
5.87324 3.33803
6.12676 3.33803
6.38028 3.33803
6.6338 3.33803
6.88732 3.33803
7.14085 3.33803
7.39437 3.33803
7.64789 3.33803
7.90141 3.33803
8.15493 3.33803
8.40845 3.33803
8.66197 3.33803
8.91549 3.33803
9.16901 3.33803
9.42254 3.33803
9.67606 3.33803
9.92958 3.33803
10.1831 3.33803
10.4366 3.33803
10.6901 3.33803
10.9437 3.33803
11.1972 3.33803
11.4507 3.33803
11.7042 3.33803
11.9577 3.33803
12.2113 3.33803
12.4648 3.33803
12.7183 3.33803
12.9718 3.33803
13.2254 3.33803
13.4789 3.33803
13.7324 3.33803
13.9859 3.33803
14.2394 3.33803
14.493 3.33803
14.7465 3.33803
15 3.33803
-3 3.59155
-2.74648 3.59155
-2.49296 3.59155
-2.23944 3.59155
-1.98592 3.59155
-1.73239 3.59155
-1.47887 3.59155
-1.22535 3.59155
-0.971831 3.59155
-0.71831 3.59155
-0.464789 3.59155
-0.211268 3.59155
0.0422535 3.59155
0.295775 3.59155
0.549296 3.59155
0.802817 3.59155
1.05634 3.59155
1.30986 3.59155
1.56338 3.59155
1.8169 3.59155
2.07042 3.59155
2.32394 3.59155
2.57746 3.59155
2.83099 3.59155
3.08451 3.59155
3.33803 3.59155
3.59155 3.59155
3.84507 3.59155
4.09859 3.59155
4.35211 3.59155
4.60563 3.59155
4.85915 3.59155
5.11268 3.59155
5.3662 3.59155
5.61972 3.59155
5.87324 3.59155
6.12676 3.59155
6.38028 3.59155
6.6338 3.59155
6.88732 3.59155
7.14085 3.59155
7.39437 3.59155
7.64789 3.59155
7.90141 3.59155
8.15493 3.59155
8.40845 3.59155
8.66197 3.59155
8.91549 3.59155
9.16901 3.59155
9.42254 3.59155
9.67606 3.59155
9.92958 3.59155
10.1831 3.59155
10.4366 3.59155
10.6901 3.59155
10.9437 3.59155
11.1972 3.59155
11.4507 3.59155
11.7042 3.59155
11.9577 3.59155
12.2113 3.59155
12.4648 3.59155
12.7183 3.59155
12.9718 3.59155
13.2254 3.59155
13.4789 3.59155
13.7324 3.59155
13.9859 3.59155
14.2394 3.59155
14.493 3.59155
14.7465 3.59155
15 3.59155
-3 3.84507
-2.74648 3.84507
-2.49296 3.84507
-2.23944 3.84507
-1.98592 3.84507
-1.73239 3.84507
-1.47887 3.84507
-1.22535 3.84507
-0.971831 3.84507
-0.71831 3.84507
-0.464789 3.84507
-0.211268 3.84507
0.0422535 3.84507
0.295775 3.84507
0.549296 3.84507
0.802817 3.84507
1.05634 3.84507
1.30986 3.84507
1.56338 3.84507
1.8169 3.84507
2.07042 3.84507
2.32394 3.84507
2.57746 3.84507
2.83099 3.84507
3.08451 3.84507
3.33803 3.84507
3.59155 3.84507
3.84507 3.84507
4.09859 3.84507
4.35211 3.84507
4.60563 3.84507
4.85915 3.84507
5.11268 3.84507
5.3662 3.84507
5.61972 3.84507
5.87324 3.84507
6.12676 3.84507
6.38028 3.84507
6.6338 3.84507
6.88732 3.84507
7.14085 3.84507
7.39437 3.84507
7.64789 3.84507
7.90141 3.84507
8.15493 3.84507
8.40845 3.84507
8.66197 3.84507
8.91549 3.84507
9.16901 3.84507
9.42254 3.84507
9.67606 3.84507
9.92958 3.84507
10.1831 3.84507
10.4366 3.84507
10.6901 3.84507
10.9437 3.84507
11.1972 3.84507
11.4507 3.84507
11.7042 3.84507
11.9577 3.84507
12.2113 3.84507
12.4648 3.84507
12.7183 3.84507
12.9718 3.84507
13.2254 3.84507
13.4789 3.84507
13.7324 3.84507
13.9859 3.84507
14.2394 3.84507
14.493 3.84507
14.7465 3.84507
15 3.84507
-3 4.09859
-2.74648 4.09859
-2.49296 4.09859
-2.23944 4.09859
-1.98592 4.09859
-1.73239 4.09859
-1.47887 4.09859
-1.22535 4.09859
-0.971831 4.09859
-0.71831 4.09859
-0.464789 4.09859
-0.211268 4.09859
0.0422535 4.09859
0.295775 4.09859
0.549296 4.09859
0.802817 4.09859
1.05634 4.09859
1.30986 4.09859
1.56338 4.09859
1.8169 4.09859
2.07042 4.09859
2.32394 4.09859
2.57746 4.09859
2.83099 4.09859
3.08451 4.09859
3.33803 4.09859
3.59155 4.09859
3.84507 4.09859
4.09859 4.09859
4.35211 4.09859
4.60563 4.09859
4.85915 4.09859
5.11268 4.09859
5.3662 4.09859
5.61972 4.09859
5.87324 4.09859
6.12676 4.09859
6.38028 4.09859
6.6338 4.09859
6.88732 4.09859
7.14085 4.09859
7.39437 4.09859
7.64789 4.09859
7.90141 4.09859
8.15493 4.09859
8.40845 4.09859
8.66197 4.09859
8.91549 4.09859
9.16901 4.09859
9.42254 4.09859
9.67606 4.09859
9.92958 4.09859
10.1831 4.09859
10.4366 4.09859
10.6901 4.09859
10.9437 4.09859
11.1972 4.09859
11.4507 4.09859
11.7042 4.09859
11.9577 4.09859
12.2113 4.09859
12.4648 4.09859
12.7183 4.09859
12.9718 4.09859
13.2254 4.09859
13.4789 4.09859
13.7324 4.09859
13.9859 4.09859
14.2394 4.09859
14.493 4.09859
14.7465 4.09859
15 4.09859
-3 4.35211
-2.74648 4.35211
-2.49296 4.35211
-2.23944 4.35211
-1.98592 4.35211
-1.73239 4.35211
-1.47887 4.35211
-1.22535 4.35211
-0.971831 4.35211
-0.71831 4.35211
-0.464789 4.35211
-0.211268 4.35211
0.0422535 4.35211
0.295775 4.35211
0.549296 4.35211
0.802817 4.35211
1.05634 4.35211
1.30986 4.35211
1.56338 4.35211
1.8169 4.35211
2.07042 4.35211
2.32394 4.35211
2.57746 4.35211
2.83099 4.35211
3.08451 4.35211
3.33803 4.35211
3.59155 4.35211
3.84507 4.35211
4.09859 4.35211
4.35211 4.35211
4.60563 4.35211
4.85915 4.35211
5.11268 4.35211
5.3662 4.35211
5.61972 4.35211
5.87324 4.35211
6.12676 4.35211
6.38028 4.35211
6.6338 4.35211
6.88732 4.35211
7.14085 4.35211
7.39437 4.35211
7.64789 4.35211
7.90141 4.35211
8.15493 4.35211
8.40845 4.35211
8.66197 4.35211
8.91549 4.35211
9.16901 4.35211
9.42254 4.35211
9.67606 4.35211
9.92958 4.35211
10.1831 4.35211
10.4366 4.35211
10.6901 4.35211
10.9437 4.35211
11.1972 4.35211
11.4507 4.35211
11.7042 4.35211
11.9577 4.35211
12.2113 4.35211
12.4648 4.35211
12.7183 4.35211
12.9718 4.35211
13.2254 4.35211
13.4789 4.35211
13.7324 4.35211
13.9859 4.35211
14.2394 4.35211
14.493 4.35211
14.7465 4.35211
15 4.35211
-3 4.60563
-2.74648 4.60563
-2.49296 4.60563
-2.23944 4.60563
-1.98592 4.60563
-1.73239 4.60563
-1.47887 4.60563
-1.22535 4.60563
-0.971831 4.60563
-0.71831 4.60563
-0.464789 4.60563
-0.211268 4.60563
0.0422535 4.60563
0.295775 4.60563
0.549296 4.60563
0.802817 4.60563
1.05634 4.60563
1.30986 4.60563
1.56338 4.60563
1.8169 4.60563
2.07042 4.60563
2.32394 4.60563
2.57746 4.60563
2.83099 4.60563
3.08451 4.60563
3.33803 4.60563
3.59155 4.60563
3.84507 4.60563
4.09859 4.60563
4.35211 4.60563
4.60563 4.60563
4.85915 4.60563
5.11268 4.60563
5.3662 4.60563
5.61972 4.60563
5.87324 4.60563
6.12676 4.60563
6.38028 4.60563
6.6338 4.60563
6.88732 4.60563
7.14085 4.60563
7.39437 4.60563
7.64789 4.60563
7.90141 4.60563
8.15493 4.60563
8.40845 4.60563
8.66197 4.60563
8.91549 4.60563
9.16901 4.60563
9.42254 4.60563
9.67606 4.60563
9.92958 4.60563
10.1831 4.60563
10.4366 4.60563
10.6901 4.60563
10.9437 4.60563
11.1972 4.60563
11.4507 4.60563
11.7042 4.60563
11.9577 4.60563
12.2113 4.60563
12.4648 4.60563
12.7183 4.60563
12.9718 4.60563
13.2254 4.60563
13.4789 4.60563
13.7324 4.60563
13.9859 4.60563
14.2394 4.60563
14.493 4.60563
14.7465 4.60563
15 4.60563
-3 4.85915
-2.74648 4.85915
-2.49296 4.85915
-2.23944 4.85915
-1.98592 4.85915
-1.73239 4.85915
-1.47887 4.85915
-1.22535 4.85915
-0.971831 4.85915
-0.71831 4.85915
-0.464789 4.85915
-0.211268 4.85915
0.0422535 4.85915
0.295775 4.85915
0.549296 4.85915
0.802817 4.85915
1.05634 4.85915
1.30986 4.85915
1.56338 4.85915
1.8169 4.85915
2.07042 4.85915
2.32394 4.85915
2.57746 4.85915
2.83099 4.85915
3.08451 4.85915
3.33803 4.85915
3.59155 4.85915
3.84507 4.85915
4.09859 4.85915
4.35211 4.85915
4.60563 4.85915
4.85915 4.85915
5.11268 4.85915
5.3662 4.85915
5.61972 4.85915
5.87324 4.85915
6.12676 4.85915
6.38028 4.85915
6.6338 4.85915
6.88732 4.85915
7.14085 4.85915
7.39437 4.85915
7.64789 4.85915
7.90141 4.85915
8.15493 4.85915
8.40845 4.85915
8.66197 4.85915
8.91549 4.85915
9.16901 4.85915
9.42254 4.85915
9.67606 4.85915
9.92958 4.85915
10.1831 4.85915
10.4366 4.85915
10.6901 4.85915
10.9437 4.85915
11.1972 4.85915
11.4507 4.85915
11.7042 4.85915
11.9577 4.85915
12.2113 4.85915
12.4648 4.85915
12.7183 4.85915
12.9718 4.85915
13.2254 4.85915
13.4789 4.85915
13.7324 4.85915
13.9859 4.85915
14.2394 4.85915
14.493 4.85915
14.7465 4.85915
15 4.85915
-3 5.11268
-2.74648 5.11268
-2.49296 5.11268
-2.23944 5.11268
-1.98592 5.11268
-1.73239 5.11268
-1.47887 5.11268
-1.22535 5.11268
-0.971831 5.11268
-0.71831 5.11268
-0.464789 5.11268
-0.211268 5.11268
0.0422535 5.11268
0.295775 5.11268
0.549296 5.11268
0.802817 5.11268
1.05634 5.11268
1.30986 5.11268
1.56338 5.11268
1.8169 5.11268
2.07042 5.11268
2.32394 5.11268
2.57746 5.11268
2.83099 5.11268
3.08451 5.11268
3.33803 5.11268
3.59155 5.11268
3.84507 5.11268
4.09859 5.11268
4.35211 5.11268
4.60563 5.11268
4.85915 5.11268
5.11268 5.11268
5.3662 5.11268
5.61972 5.11268
5.87324 5.11268
6.12676 5.11268
6.38028 5.11268
6.6338 5.11268
6.88732 5.11268
7.14085 5.11268
7.39437 5.11268
7.64789 5.11268
7.90141 5.11268
8.15493 5.11268
8.40845 5.11268
8.66197 5.11268
8.91549 5.11268
9.16901 5.11268
9.42254 5.11268
9.67606 5.11268
9.92958 5.11268
10.1831 5.11268
10.4366 5.11268
10.6901 5.11268
10.9437 5.11268
11.1972 5.11268
11.4507 5.11268
11.7042 5.11268
11.9577 5.11268
12.2113 5.11268
12.4648 5.11268
12.7183 5.11268
12.9718 5.11268
13.2254 5.11268
13.4789 5.11268
13.7324 5.11268
13.9859 5.11268
14.2394 5.11268
14.493 5.11268
14.7465 5.11268
15 5.11268
-3 5.3662
-2.74648 5.3662
-2.49296 5.3662
-2.23944 5.3662
-1.98592 5.3662
-1.73239 5.3662
-1.47887 5.3662
-1.22535 5.3662
-0.971831 5.3662
-0.71831 5.3662
-0.464789 5.3662
-0.211268 5.3662
0.0422535 5.3662
0.295775 5.3662
0.549296 5.3662
0.802817 5.3662
1.05634 5.3662
1.30986 5.3662
1.56338 5.3662
1.8169 5.3662
2.07042 5.3662
2.32394 5.3662
2.57746 5.3662
2.83099 5.3662
3.08451 5.3662
3.33803 5.3662
3.59155 5.3662
3.84507 5.3662
4.09859 5.3662
4.35211 5.3662
4.60563 5.3662
4.85915 5.3662
5.11268 5.3662
5.3662 5.3662
5.61972 5.3662
5.87324 5.3662
6.12676 5.3662
6.38028 5.3662
6.6338 5.3662
6.88732 5.3662
7.14085 5.3662
7.39437 5.3662
7.64789 5.3662
7.90141 5.3662
8.15493 5.3662
8.40845 5.3662
8.66197 5.3662
8.91549 5.3662
9.16901 5.3662
9.42254 5.3662
9.67606 5.3662
9.92958 5.3662
10.1831 5.3662
10.4366 5.3662
10.6901 5.3662
10.9437 5.3662
11.1972 5.3662
11.4507 5.3662
11.7042 5.3662
11.9577 5.3662
12.2113 5.3662
12.4648 5.3662
12.7183 5.3662
12.9718 5.3662
13.2254 5.3662
13.4789 5.3662
13.7324 5.3662
13.9859 5.3662
14.2394 5.3662
14.493 5.3662
14.7465 5.3662
15 5.3662
-3 5.61972
-2.74648 5.61972
-2.49296 5.61972
-2.23944 5.61972
-1.98592 5.61972
-1.73239 5.61972
-1.47887 5.61972
-1.22535 5.61972
-0.971831 5.61972
-0.71831 5.61972
-0.464789 5.61972
-0.211268 5.61972
0.0422535 5.61972
0.295775 5.61972
0.549296 5.61972
0.802817 5.61972
1.05634 5.61972
1.30986 5.61972
1.56338 5.61972
1.8169 5.61972
2.07042 5.61972
2.32394 5.61972
2.57746 5.61972
2.83099 5.61972
3.08451 5.61972
3.33803 5.61972
3.59155 5.61972
3.84507 5.61972
4.09859 5.61972
4.35211 5.61972
4.60563 5.61972
4.85915 5.61972
5.11268 5.61972
5.3662 5.61972
5.61972 5.61972
5.87324 5.61972
6.12676 5.61972
6.38028 5.61972
6.6338 5.61972
6.88732 5.61972
7.14085 5.61972
7.39437 5.61972
7.64789 5.61972
7.90141 5.61972
8.15493 5.61972
8.40845 5.61972
8.66197 5.61972
8.91549 5.61972
9.16901 5.61972
9.42254 5.61972
9.67606 5.61972
9.92958 5.61972
10.1831 5.61972
10.4366 5.61972
10.6901 5.61972
10.9437 5.61972
11.1972 5.61972
11.4507 5.61972
11.7042 5.61972
11.9577 5.61972
12.2113 5.61972
12.4648 5.61972
12.7183 5.61972
12.9718 5.61972
13.2254 5.61972
13.4789 5.61972
13.7324 5.61972
13.9859 5.61972
14.2394 5.61972
14.493 5.61972
14.7465 5.61972
15 5.61972
-3 5.87324
-2.74648 5.87324
-2.49296 5.87324
-2.23944 5.87324
-1.98592 5.87324
-1.73239 5.87324
-1.47887 5.87324
-1.22535 5.87324
-0.971831 5.87324
-0.71831 5.87324
-0.464789 5.87324
-0.211268 5.87324
0.0422535 5.87324
0.295775 5.87324
0.549296 5.87324
0.802817 5.87324
1.05634 5.87324
1.30986 5.87324
1.56338 5.87324
1.8169 5.87324
2.07042 5.87324
2.32394 5.87324
2.57746 5.87324
2.83099 5.87324
3.08451 5.87324
3.33803 5.87324
3.59155 5.87324
3.84507 5.87324
4.09859 5.87324
4.35211 5.87324
4.60563 5.87324
4.85915 5.87324
5.11268 5.87324
5.3662 5.87324
5.61972 5.87324
5.87324 5.87324
6.12676 5.87324
6.38028 5.87324
6.6338 5.87324
6.88732 5.87324
7.14085 5.87324
7.39437 5.87324
7.64789 5.87324
7.90141 5.87324
8.15493 5.87324
8.40845 5.87324
8.66197 5.87324
8.91549 5.87324
9.16901 5.87324
9.42254 5.87324
9.67606 5.87324
9.92958 5.87324
10.1831 5.87324
10.4366 5.87324
10.6901 5.87324
10.9437 5.87324
11.1972 5.87324
11.4507 5.87324
11.7042 5.87324
11.9577 5.87324
12.2113 5.87324
12.4648 5.87324
12.7183 5.87324
12.9718 5.87324
13.2254 5.87324
13.4789 5.87324
13.7324 5.87324
13.9859 5.87324
14.2394 5.87324
14.493 5.87324
14.7465 5.87324
15 5.87324
-3 6.12676
-2.74648 6.12676
-2.49296 6.12676
-2.23944 6.12676
-1.98592 6.12676
-1.73239 6.12676
-1.47887 6.12676
-1.22535 6.12676
-0.971831 6.12676
-0.71831 6.12676
-0.464789 6.12676
-0.211268 6.12676
0.0422535 6.12676
0.295775 6.12676
0.549296 6.12676
0.802817 6.12676
1.05634 6.12676
1.30986 6.12676
1.56338 6.12676
1.8169 6.12676
2.07042 6.12676
2.32394 6.12676
2.57746 6.12676
2.83099 6.12676
3.08451 6.12676
3.33803 6.12676
3.59155 6.12676
3.84507 6.12676
4.09859 6.12676
4.35211 6.12676
4.60563 6.12676
4.85915 6.12676
5.11268 6.12676
5.3662 6.12676
5.61972 6.12676
5.87324 6.12676
6.12676 6.12676
6.38028 6.12676
6.6338 6.12676
6.88732 6.12676
7.14085 6.12676
7.39437 6.12676
7.64789 6.12676
7.90141 6.12676
8.15493 6.12676
8.40845 6.12676
8.66197 6.12676
8.91549 6.12676
9.16901 6.12676
9.42254 6.12676
9.67606 6.12676
9.92958 6.12676
10.1831 6.12676
10.4366 6.12676
10.6901 6.12676
10.9437 6.12676
11.1972 6.12676
11.4507 6.12676
11.7042 6.12676
11.9577 6.12676
12.2113 6.12676
12.4648 6.12676
12.7183 6.12676
12.9718 6.12676
13.2254 6.12676
13.4789 6.12676
13.7324 6.12676
13.9859 6.12676
14.2394 6.12676
14.493 6.12676
14.7465 6.12676
15 6.12676
-3 6.38028
-2.74648 6.38028
-2.49296 6.38028
-2.23944 6.38028
-1.98592 6.38028
-1.73239 6.38028
-1.47887 6.38028
-1.22535 6.38028
-0.971831 6.38028
-0.71831 6.38028
-0.464789 6.38028
-0.211268 6.38028
0.0422535 6.38028
0.295775 6.38028
0.549296 6.38028
0.802817 6.38028
1.05634 6.38028
1.30986 6.38028
1.56338 6.38028
1.8169 6.38028
2.07042 6.38028
2.32394 6.38028
2.57746 6.38028
2.83099 6.38028
3.08451 6.38028
3.33803 6.38028
3.59155 6.38028
3.84507 6.38028
4.09859 6.38028
4.35211 6.38028
4.60563 6.38028
4.85915 6.38028
5.11268 6.38028
5.3662 6.38028
5.61972 6.38028
5.87324 6.38028
6.12676 6.38028
6.38028 6.38028
6.6338 6.38028
6.88732 6.38028
7.14085 6.38028
7.39437 6.38028
7.64789 6.38028
7.90141 6.38028
8.15493 6.38028
8.40845 6.38028
8.66197 6.38028
8.91549 6.38028
9.16901 6.38028
9.42254 6.38028
9.67606 6.38028
9.92958 6.38028
10.1831 6.38028
10.4366 6.38028
10.6901 6.38028
10.9437 6.38028
11.1972 6.38028
11.4507 6.38028
11.7042 6.38028
11.9577 6.38028
12.2113 6.38028
12.4648 6.38028
12.7183 6.38028
12.9718 6.38028
13.2254 6.38028
13.4789 6.38028
13.7324 6.38028
13.9859 6.38028
14.2394 6.38028
14.493 6.38028
14.7465 6.38028
15 6.38028
-3 6.6338
-2.74648 6.6338
-2.49296 6.6338
-2.23944 6.6338
-1.98592 6.6338
-1.73239 6.6338
-1.47887 6.6338
-1.22535 6.6338
-0.971831 6.6338
-0.71831 6.6338
-0.464789 6.6338
-0.211268 6.6338
0.0422535 6.6338
0.295775 6.6338
0.549296 6.6338
0.802817 6.6338
1.05634 6.6338
1.30986 6.6338
1.56338 6.6338
1.8169 6.6338
2.07042 6.6338
2.32394 6.6338
2.57746 6.6338
2.83099 6.6338
3.08451 6.6338
3.33803 6.6338
3.59155 6.6338
3.84507 6.6338
4.09859 6.6338
4.35211 6.6338
4.60563 6.6338
4.85915 6.6338
5.11268 6.6338
5.3662 6.6338
5.61972 6.6338
5.87324 6.6338
6.12676 6.6338
6.38028 6.6338
6.6338 6.6338
6.88732 6.6338
7.14085 6.6338
7.39437 6.6338
7.64789 6.6338
7.90141 6.6338
8.15493 6.6338
8.40845 6.6338
8.66197 6.6338
8.91549 6.6338
9.16901 6.6338
9.42254 6.6338
9.67606 6.6338
9.92958 6.6338
10.1831 6.6338
10.4366 6.6338
10.6901 6.6338
10.9437 6.6338
11.1972 6.6338
11.4507 6.6338
11.7042 6.6338
11.9577 6.6338
12.2113 6.6338
12.4648 6.6338
12.7183 6.6338
12.9718 6.6338
13.2254 6.6338
13.4789 6.6338
13.7324 6.6338
13.9859 6.6338
14.2394 6.6338
14.493 6.6338
14.7465 6.6338
15 6.6338
-3 6.88732
-2.74648 6.88732
-2.49296 6.88732
-2.23944 6.88732
-1.98592 6.88732
-1.73239 6.88732
-1.47887 6.88732
-1.22535 6.88732
-0.971831 6.88732
-0.71831 6.88732
-0.464789 6.88732
-0.211268 6.88732
0.0422535 6.88732
0.295775 6.88732
0.549296 6.88732
0.802817 6.88732
1.05634 6.88732
1.30986 6.88732
1.56338 6.88732
1.8169 6.88732
2.07042 6.88732
2.32394 6.88732
2.57746 6.88732
2.83099 6.88732
3.08451 6.88732
3.33803 6.88732
3.59155 6.88732
3.84507 6.88732
4.09859 6.88732
4.35211 6.88732
4.60563 6.88732
4.85915 6.88732
5.11268 6.88732
5.3662 6.88732
5.61972 6.88732
5.87324 6.88732
6.12676 6.88732
6.38028 6.88732
6.6338 6.88732
6.88732 6.88732
7.14085 6.88732
7.39437 6.88732
7.64789 6.88732
7.90141 6.88732
8.15493 6.88732
8.40845 6.88732
8.66197 6.88732
8.91549 6.88732
9.16901 6.88732
9.42254 6.88732
9.67606 6.88732
9.92958 6.88732
10.1831 6.88732
10.4366 6.88732
10.6901 6.88732
10.9437 6.88732
11.1972 6.88732
11.4507 6.88732
11.7042 6.88732
11.9577 6.88732
12.2113 6.88732
12.4648 6.88732
12.7183 6.88732
12.9718 6.88732
13.2254 6.88732
13.4789 6.88732
13.7324 6.88732
13.9859 6.88732
14.2394 6.88732
14.493 6.88732
14.7465 6.88732
15 6.88732
-3 7.14085
-2.74648 7.14085
-2.49296 7.14085
-2.23944 7.14085
-1.98592 7.14085
-1.73239 7.14085
-1.47887 7.14085
-1.22535 7.14085
-0.971831 7.14085
-0.71831 7.14085
-0.464789 7.14085
-0.211268 7.14085
0.0422535 7.14085
0.295775 7.14085
0.549296 7.14085
0.802817 7.14085
1.05634 7.14085
1.30986 7.14085
1.56338 7.14085
1.8169 7.14085
2.07042 7.14085
2.32394 7.14085
2.57746 7.14085
2.83099 7.14085
3.08451 7.14085
3.33803 7.14085
3.59155 7.14085
3.84507 7.14085
4.09859 7.14085
4.35211 7.14085
4.60563 7.14085
4.85915 7.14085
5.11268 7.14085
5.3662 7.14085
5.61972 7.14085
5.87324 7.14085
6.12676 7.14085
6.38028 7.14085
6.6338 7.14085
6.88732 7.14085
7.14085 7.14085
7.39437 7.14085
7.64789 7.14085
7.90141 7.14085
8.15493 7.14085
8.40845 7.14085
8.66197 7.14085
8.91549 7.14085
9.16901 7.14085
9.42254 7.14085
9.67606 7.14085
9.92958 7.14085
10.1831 7.14085
10.4366 7.14085
10.6901 7.14085
10.9437 7.14085
11.1972 7.14085
11.4507 7.14085
11.7042 7.14085
11.9577 7.14085
12.2113 7.14085
12.4648 7.14085
12.7183 7.14085
12.9718 7.14085
13.2254 7.14085
13.4789 7.14085
13.7324 7.14085
13.9859 7.14085
14.2394 7.14085
14.493 7.14085
14.7465 7.14085
15 7.14085
-3 7.39437
-2.74648 7.39437
-2.49296 7.39437
-2.23944 7.39437
-1.98592 7.39437
-1.73239 7.39437
-1.47887 7.39437
-1.22535 7.39437
-0.971831 7.39437
-0.71831 7.39437
-0.464789 7.39437
-0.211268 7.39437
0.0422535 7.39437
0.295775 7.39437
0.549296 7.39437
0.802817 7.39437
1.05634 7.39437
1.30986 7.39437
1.56338 7.39437
1.8169 7.39437
2.07042 7.39437
2.32394 7.39437
2.57746 7.39437
2.83099 7.39437
3.08451 7.39437
3.33803 7.39437
3.59155 7.39437
3.84507 7.39437
4.09859 7.39437
4.35211 7.39437
4.60563 7.39437
4.85915 7.39437
5.11268 7.39437
5.3662 7.39437
5.61972 7.39437
5.87324 7.39437
6.12676 7.39437
6.38028 7.39437
6.6338 7.39437
6.88732 7.39437
7.14085 7.39437
7.39437 7.39437
7.64789 7.39437
7.90141 7.39437
8.15493 7.39437
8.40845 7.39437
8.66197 7.39437
8.91549 7.39437
9.16901 7.39437
9.42254 7.39437
9.67606 7.39437
9.92958 7.39437
10.1831 7.39437
10.4366 7.39437
10.6901 7.39437
10.9437 7.39437
11.1972 7.39437
11.4507 7.39437
11.7042 7.39437
11.9577 7.39437
12.2113 7.39437
12.4648 7.39437
12.7183 7.39437
12.9718 7.39437
13.2254 7.39437
13.4789 7.39437
13.7324 7.39437
13.9859 7.39437
14.2394 7.39437
14.493 7.39437
14.7465 7.39437
15 7.39437
-3 7.64789
-2.74648 7.64789
-2.49296 7.64789
-2.23944 7.64789
-1.98592 7.64789
-1.73239 7.64789
-1.47887 7.64789
-1.22535 7.64789
-0.971831 7.64789
-0.71831 7.64789
-0.464789 7.64789
-0.211268 7.64789
0.0422535 7.64789
0.295775 7.64789
0.549296 7.64789
0.802817 7.64789
1.05634 7.64789
1.30986 7.64789
1.56338 7.64789
1.8169 7.64789
2.07042 7.64789
2.32394 7.64789
2.57746 7.64789
2.83099 7.64789
3.08451 7.64789
3.33803 7.64789
3.59155 7.64789
3.84507 7.64789
4.09859 7.64789
4.35211 7.64789
4.60563 7.64789
4.85915 7.64789
5.11268 7.64789
5.3662 7.64789
5.61972 7.64789
5.87324 7.64789
6.12676 7.64789
6.38028 7.64789
6.6338 7.64789
6.88732 7.64789
7.14085 7.64789
7.39437 7.64789
7.64789 7.64789
7.90141 7.64789
8.15493 7.64789
8.40845 7.64789
8.66197 7.64789
8.91549 7.64789
9.16901 7.64789
9.42254 7.64789
9.67606 7.64789
9.92958 7.64789
10.1831 7.64789
10.4366 7.64789
10.6901 7.64789
10.9437 7.64789
11.1972 7.64789
11.4507 7.64789
11.7042 7.64789
11.9577 7.64789
12.2113 7.64789
12.4648 7.64789
12.7183 7.64789
12.9718 7.64789
13.2254 7.64789
13.4789 7.64789
13.7324 7.64789
13.9859 7.64789
14.2394 7.64789
14.493 7.64789
14.7465 7.64789
15 7.64789
-3 7.90141
-2.74648 7.90141
-2.49296 7.90141
-2.23944 7.90141
-1.98592 7.90141
-1.73239 7.90141
-1.47887 7.90141
-1.22535 7.90141
-0.971831 7.90141
-0.71831 7.90141
-0.464789 7.90141
-0.211268 7.90141
0.0422535 7.90141
0.295775 7.90141
0.549296 7.90141
0.802817 7.90141
1.05634 7.90141
1.30986 7.90141
1.56338 7.90141
1.8169 7.90141
2.07042 7.90141
2.32394 7.90141
2.57746 7.90141
2.83099 7.90141
3.08451 7.90141
3.33803 7.90141
3.59155 7.90141
3.84507 7.90141
4.09859 7.90141
4.35211 7.90141
4.60563 7.90141
4.85915 7.90141
5.11268 7.90141
5.3662 7.90141
5.61972 7.90141
5.87324 7.90141
6.12676 7.90141
6.38028 7.90141
6.6338 7.90141
6.88732 7.90141
7.14085 7.90141
7.39437 7.90141
7.64789 7.90141
7.90141 7.90141
8.15493 7.90141
8.40845 7.90141
8.66197 7.90141
8.91549 7.90141
9.16901 7.90141
9.42254 7.90141
9.67606 7.90141
9.92958 7.90141
10.1831 7.90141
10.4366 7.90141
10.6901 7.90141
10.9437 7.90141
11.1972 7.90141
11.4507 7.90141
11.7042 7.90141
11.9577 7.90141
12.2113 7.90141
12.4648 7.90141
12.7183 7.90141
12.9718 7.90141
13.2254 7.90141
13.4789 7.90141
13.7324 7.90141
13.9859 7.90141
14.2394 7.90141
14.493 7.90141
14.7465 7.90141
15 7.90141
-3 8.15493
-2.74648 8.15493
-2.49296 8.15493
-2.23944 8.15493
-1.98592 8.15493
-1.73239 8.15493
-1.47887 8.15493
-1.22535 8.15493
-0.971831 8.15493
-0.71831 8.15493
-0.464789 8.15493
-0.211268 8.15493
0.0422535 8.15493
0.295775 8.15493
0.549296 8.15493
0.802817 8.15493
1.05634 8.15493
1.30986 8.15493
1.56338 8.15493
1.8169 8.15493
2.07042 8.15493
2.32394 8.15493
2.57746 8.15493
2.83099 8.15493
3.08451 8.15493
3.33803 8.15493
3.59155 8.15493
3.84507 8.15493
4.09859 8.15493
4.35211 8.15493
4.60563 8.15493
4.85915 8.15493
5.11268 8.15493
5.3662 8.15493
5.61972 8.15493
5.87324 8.15493
6.12676 8.15493
6.38028 8.15493
6.6338 8.15493
6.88732 8.15493
7.14085 8.15493
7.39437 8.15493
7.64789 8.15493
7.90141 8.15493
8.15493 8.15493
8.40845 8.15493
8.66197 8.15493
8.91549 8.15493
9.16901 8.15493
9.42254 8.15493
9.67606 8.15493
9.92958 8.15493
10.1831 8.15493
10.4366 8.15493
10.6901 8.15493
10.9437 8.15493
11.1972 8.15493
11.4507 8.15493
11.7042 8.15493
11.9577 8.15493
12.2113 8.15493
12.4648 8.15493
12.7183 8.15493
12.9718 8.15493
13.2254 8.15493
13.4789 8.15493
13.7324 8.15493
13.9859 8.15493
14.2394 8.15493
14.493 8.15493
14.7465 8.15493
15 8.15493
-3 8.40845
-2.74648 8.40845
-2.49296 8.40845
-2.23944 8.40845
-1.98592 8.40845
-1.73239 8.40845
-1.47887 8.40845
-1.22535 8.40845
-0.971831 8.40845
-0.71831 8.40845
-0.464789 8.40845
-0.211268 8.40845
0.0422535 8.40845
0.295775 8.40845
0.549296 8.40845
0.802817 8.40845
1.05634 8.40845
1.30986 8.40845
1.56338 8.40845
1.8169 8.40845
2.07042 8.40845
2.32394 8.40845
2.57746 8.40845
2.83099 8.40845
3.08451 8.40845
3.33803 8.40845
3.59155 8.40845
3.84507 8.40845
4.09859 8.40845
4.35211 8.40845
4.60563 8.40845
4.85915 8.40845
5.11268 8.40845
5.3662 8.40845
5.61972 8.40845
5.87324 8.40845
6.12676 8.40845
6.38028 8.40845
6.6338 8.40845
6.88732 8.40845
7.14085 8.40845
7.39437 8.40845
7.64789 8.40845
7.90141 8.40845
8.15493 8.40845
8.40845 8.40845
8.66197 8.40845
8.91549 8.40845
9.16901 8.40845
9.42254 8.40845
9.67606 8.40845
9.92958 8.40845
10.1831 8.40845
10.4366 8.40845
10.6901 8.40845
10.9437 8.40845
11.1972 8.40845
11.4507 8.40845
11.7042 8.40845
11.9577 8.40845
12.2113 8.40845
12.4648 8.40845
12.7183 8.40845
12.9718 8.40845
13.2254 8.40845
13.4789 8.40845
13.7324 8.40845
13.9859 8.40845
14.2394 8.40845
14.493 8.40845
14.7465 8.40845
15 8.40845
-3 8.66197
-2.74648 8.66197
-2.49296 8.66197
-2.23944 8.66197
-1.98592 8.66197
-1.73239 8.66197
-1.47887 8.66197
-1.22535 8.66197
-0.971831 8.66197
-0.71831 8.66197
-0.464789 8.66197
-0.211268 8.66197
0.0422535 8.66197
0.295775 8.66197
0.549296 8.66197
0.802817 8.66197
1.05634 8.66197
1.30986 8.66197
1.56338 8.66197
1.8169 8.66197
2.07042 8.66197
2.32394 8.66197
2.57746 8.66197
2.83099 8.66197
3.08451 8.66197
3.33803 8.66197
3.59155 8.66197
3.84507 8.66197
4.09859 8.66197
4.35211 8.66197
4.60563 8.66197
4.85915 8.66197
5.11268 8.66197
5.3662 8.66197
5.61972 8.66197
5.87324 8.66197
6.12676 8.66197
6.38028 8.66197
6.6338 8.66197
6.88732 8.66197
7.14085 8.66197
7.39437 8.66197
7.64789 8.66197
7.90141 8.66197
8.15493 8.66197
8.40845 8.66197
8.66197 8.66197
8.91549 8.66197
9.16901 8.66197
9.42254 8.66197
9.67606 8.66197
9.92958 8.66197
10.1831 8.66197
10.4366 8.66197
10.6901 8.66197
10.9437 8.66197
11.1972 8.66197
11.4507 8.66197
11.7042 8.66197
11.9577 8.66197
12.2113 8.66197
12.4648 8.66197
12.7183 8.66197
12.9718 8.66197
13.2254 8.66197
13.4789 8.66197
13.7324 8.66197
13.9859 8.66197
14.2394 8.66197
14.493 8.66197
14.7465 8.66197
15 8.66197
-3 8.91549
-2.74648 8.91549
-2.49296 8.91549
-2.23944 8.91549
-1.98592 8.91549
-1.73239 8.91549
-1.47887 8.91549
-1.22535 8.91549
-0.971831 8.91549
-0.71831 8.91549
-0.464789 8.91549
-0.211268 8.91549
0.0422535 8.91549
0.295775 8.91549
0.549296 8.91549
0.802817 8.91549
1.05634 8.91549
1.30986 8.91549
1.56338 8.91549
1.8169 8.91549
2.07042 8.91549
2.32394 8.91549
2.57746 8.91549
2.83099 8.91549
3.08451 8.91549
3.33803 8.91549
3.59155 8.91549
3.84507 8.91549
4.09859 8.91549
4.35211 8.91549
4.60563 8.91549
4.85915 8.91549
5.11268 8.91549
5.3662 8.91549
5.61972 8.91549
5.87324 8.91549
6.12676 8.91549
6.38028 8.91549
6.6338 8.91549
6.88732 8.91549
7.14085 8.91549
7.39437 8.91549
7.64789 8.91549
7.90141 8.91549
8.15493 8.91549
8.40845 8.91549
8.66197 8.91549
8.91549 8.91549
9.16901 8.91549
9.42254 8.91549
9.67606 8.91549
9.92958 8.91549
10.1831 8.91549
10.4366 8.91549
10.6901 8.91549
10.9437 8.91549
11.1972 8.91549
11.4507 8.91549
11.7042 8.91549
11.9577 8.91549
12.2113 8.91549
12.4648 8.91549
12.7183 8.91549
12.9718 8.91549
13.2254 8.91549
13.4789 8.91549
13.7324 8.91549
13.9859 8.91549
14.2394 8.91549
14.493 8.91549
14.7465 8.91549
15 8.91549
-3 9.16901
-2.74648 9.16901
-2.49296 9.16901
-2.23944 9.16901
-1.98592 9.16901
-1.73239 9.16901
-1.47887 9.16901
-1.22535 9.16901
-0.971831 9.16901
-0.71831 9.16901
-0.464789 9.16901
-0.211268 9.16901
0.0422535 9.16901
0.295775 9.16901
0.549296 9.16901
0.802817 9.16901
1.05634 9.16901
1.30986 9.16901
1.56338 9.16901
1.8169 9.16901
2.07042 9.16901
2.32394 9.16901
2.57746 9.16901
2.83099 9.16901
3.08451 9.16901
3.33803 9.16901
3.59155 9.16901
3.84507 9.16901
4.09859 9.16901
4.35211 9.16901
4.60563 9.16901
4.85915 9.16901
5.11268 9.16901
5.3662 9.16901
5.61972 9.16901
5.87324 9.16901
6.12676 9.16901
6.38028 9.16901
6.6338 9.16901
6.88732 9.16901
7.14085 9.16901
7.39437 9.16901
7.64789 9.16901
7.90141 9.16901
8.15493 9.16901
8.40845 9.16901
8.66197 9.16901
8.91549 9.16901
9.16901 9.16901
9.42254 9.16901
9.67606 9.16901
9.92958 9.16901
10.1831 9.16901
10.4366 9.16901
10.6901 9.16901
10.9437 9.16901
11.1972 9.16901
11.4507 9.16901
11.7042 9.16901
11.9577 9.16901
12.2113 9.16901
12.4648 9.16901
12.7183 9.16901
12.9718 9.16901
13.2254 9.16901
13.4789 9.16901
13.7324 9.16901
13.9859 9.16901
14.2394 9.16901
14.493 9.16901
14.7465 9.16901
15 9.16901
-3 9.42254
-2.74648 9.42254
-2.49296 9.42254
-2.23944 9.42254
-1.98592 9.42254
-1.73239 9.42254
-1.47887 9.42254
-1.22535 9.42254
-0.971831 9.42254
-0.71831 9.42254
-0.464789 9.42254
-0.211268 9.42254
0.0422535 9.42254
0.295775 9.42254
0.549296 9.42254
0.802817 9.42254
1.05634 9.42254
1.30986 9.42254
1.56338 9.42254
1.8169 9.42254
2.07042 9.42254
2.32394 9.42254
2.57746 9.42254
2.83099 9.42254
3.08451 9.42254
3.33803 9.42254
3.59155 9.42254
3.84507 9.42254
4.09859 9.42254
4.35211 9.42254
4.60563 9.42254
4.85915 9.42254
5.11268 9.42254
5.3662 9.42254
5.61972 9.42254
5.87324 9.42254
6.12676 9.42254
6.38028 9.42254
6.6338 9.42254
6.88732 9.42254
7.14085 9.42254
7.39437 9.42254
7.64789 9.42254
7.90141 9.42254
8.15493 9.42254
8.40845 9.42254
8.66197 9.42254
8.91549 9.42254
9.16901 9.42254
9.42254 9.42254
9.67606 9.42254
9.92958 9.42254
10.1831 9.42254
10.4366 9.42254
10.6901 9.42254
10.9437 9.42254
11.1972 9.42254
11.4507 9.42254
11.7042 9.42254
11.9577 9.42254
12.2113 9.42254
12.4648 9.42254
12.7183 9.42254
12.9718 9.42254
13.2254 9.42254
13.4789 9.42254
13.7324 9.42254
13.9859 9.42254
14.2394 9.42254
14.493 9.42254
14.7465 9.42254
15 9.42254
-3 9.67606
-2.74648 9.67606
-2.49296 9.67606
-2.23944 9.67606
-1.98592 9.67606
-1.73239 9.67606
-1.47887 9.67606
-1.22535 9.67606
-0.971831 9.67606
-0.71831 9.67606
-0.464789 9.67606
-0.211268 9.67606
0.0422535 9.67606
0.295775 9.67606
0.549296 9.67606
0.802817 9.67606
1.05634 9.67606
1.30986 9.67606
1.56338 9.67606
1.8169 9.67606
2.07042 9.67606
2.32394 9.67606
2.57746 9.67606
2.83099 9.67606
3.08451 9.67606
3.33803 9.67606
3.59155 9.67606
3.84507 9.67606
4.09859 9.67606
4.35211 9.67606
4.60563 9.67606
4.85915 9.67606
5.11268 9.67606
5.3662 9.67606
5.61972 9.67606
5.87324 9.67606
6.12676 9.67606
6.38028 9.67606
6.6338 9.67606
6.88732 9.67606
7.14085 9.67606
7.39437 9.67606
7.64789 9.67606
7.90141 9.67606
8.15493 9.67606
8.40845 9.67606
8.66197 9.67606
8.91549 9.67606
9.16901 9.67606
9.42254 9.67606
9.67606 9.67606
9.92958 9.67606
10.1831 9.67606
10.4366 9.67606
10.6901 9.67606
10.9437 9.67606
11.1972 9.67606
11.4507 9.67606
11.7042 9.67606
11.9577 9.67606
12.2113 9.67606
12.4648 9.67606
12.7183 9.67606
12.9718 9.67606
13.2254 9.67606
13.4789 9.67606
13.7324 9.67606
13.9859 9.67606
14.2394 9.67606
14.493 9.67606
14.7465 9.67606
15 9.67606
-3 9.92958
-2.74648 9.92958
-2.49296 9.92958
-2.23944 9.92958
-1.98592 9.92958
-1.73239 9.92958
-1.47887 9.92958
-1.22535 9.92958
-0.971831 9.92958
-0.71831 9.92958
-0.464789 9.92958
-0.211268 9.92958
0.0422535 9.92958
0.295775 9.92958
0.549296 9.92958
0.802817 9.92958
1.05634 9.92958
1.30986 9.92958
1.56338 9.92958
1.8169 9.92958
2.07042 9.92958
2.32394 9.92958
2.57746 9.92958
2.83099 9.92958
3.08451 9.92958
3.33803 9.92958
3.59155 9.92958
3.84507 9.92958
4.09859 9.92958
4.35211 9.92958
4.60563 9.92958
4.85915 9.92958
5.11268 9.92958
5.3662 9.92958
5.61972 9.92958
5.87324 9.92958
6.12676 9.92958
6.38028 9.92958
6.6338 9.92958
6.88732 9.92958
7.14085 9.92958
7.39437 9.92958
7.64789 9.92958
7.90141 9.92958
8.15493 9.92958
8.40845 9.92958
8.66197 9.92958
8.91549 9.92958
9.16901 9.92958
9.42254 9.92958
9.67606 9.92958
9.92958 9.92958
10.1831 9.92958
10.4366 9.92958
10.6901 9.92958
10.9437 9.92958
11.1972 9.92958
11.4507 9.92958
11.7042 9.92958
11.9577 9.92958
12.2113 9.92958
12.4648 9.92958
12.7183 9.92958
12.9718 9.92958
13.2254 9.92958
13.4789 9.92958
13.7324 9.92958
13.9859 9.92958
14.2394 9.92958
14.493 9.92958
14.7465 9.92958
15 9.92958
-3 10.1831
-2.74648 10.1831
-2.49296 10.1831
-2.23944 10.1831
-1.98592 10.1831
-1.73239 10.1831
-1.47887 10.1831
-1.22535 10.1831
-0.971831 10.1831
-0.71831 10.1831
-0.464789 10.1831
-0.211268 10.1831
0.0422535 10.1831
0.295775 10.1831
0.549296 10.1831
0.802817 10.1831
1.05634 10.1831
1.30986 10.1831
1.56338 10.1831
1.8169 10.1831
2.07042 10.1831
2.32394 10.1831
2.57746 10.1831
2.83099 10.1831
3.08451 10.1831
3.33803 10.1831
3.59155 10.1831
3.84507 10.1831
4.09859 10.1831
4.35211 10.1831
4.60563 10.1831
4.85915 10.1831
5.11268 10.1831
5.3662 10.1831
5.61972 10.1831
5.87324 10.1831
6.12676 10.1831
6.38028 10.1831
6.6338 10.1831
6.88732 10.1831
7.14085 10.1831
7.39437 10.1831
7.64789 10.1831
7.90141 10.1831
8.15493 10.1831
8.40845 10.1831
8.66197 10.1831
8.91549 10.1831
9.16901 10.1831
9.42254 10.1831
9.67606 10.1831
9.92958 10.1831
10.1831 10.1831
10.4366 10.1831
10.6901 10.1831
10.9437 10.1831
11.1972 10.1831
11.4507 10.1831
11.7042 10.1831
11.9577 10.1831
12.2113 10.1831
12.4648 10.1831
12.7183 10.1831
12.9718 10.1831
13.2254 10.1831
13.4789 10.1831
13.7324 10.1831
13.9859 10.1831
14.2394 10.1831
14.493 10.1831
14.7465 10.1831
15 10.1831
-3 10.4366
-2.74648 10.4366
-2.49296 10.4366
-2.23944 10.4366
-1.98592 10.4366
-1.73239 10.4366
-1.47887 10.4366
-1.22535 10.4366
-0.971831 10.4366
-0.71831 10.4366
-0.464789 10.4366
-0.211268 10.4366
0.0422535 10.4366
0.295775 10.4366
0.549296 10.4366
0.802817 10.4366
1.05634 10.4366
1.30986 10.4366
1.56338 10.4366
1.8169 10.4366
2.07042 10.4366
2.32394 10.4366
2.57746 10.4366
2.83099 10.4366
3.08451 10.4366
3.33803 10.4366
3.59155 10.4366
3.84507 10.4366
4.09859 10.4366
4.35211 10.4366
4.60563 10.4366
4.85915 10.4366
5.11268 10.4366
5.3662 10.4366
5.61972 10.4366
5.87324 10.4366
6.12676 10.4366
6.38028 10.4366
6.6338 10.4366
6.88732 10.4366
7.14085 10.4366
7.39437 10.4366
7.64789 10.4366
7.90141 10.4366
8.15493 10.4366
8.40845 10.4366
8.66197 10.4366
8.91549 10.4366
9.16901 10.4366
9.42254 10.4366
9.67606 10.4366
9.92958 10.4366
10.1831 10.4366
10.4366 10.4366
10.6901 10.4366
10.9437 10.4366
11.1972 10.4366
11.4507 10.4366
11.7042 10.4366
11.9577 10.4366
12.2113 10.4366
12.4648 10.4366
12.7183 10.4366
12.9718 10.4366
13.2254 10.4366
13.4789 10.4366
13.7324 10.4366
13.9859 10.4366
14.2394 10.4366
14.493 10.4366
14.7465 10.4366
15 10.4366
-3 10.6901
-2.74648 10.6901
-2.49296 10.6901
-2.23944 10.6901
-1.98592 10.6901
-1.73239 10.6901
-1.47887 10.6901
-1.22535 10.6901
-0.971831 10.6901
-0.71831 10.6901
-0.464789 10.6901
-0.211268 10.6901
0.0422535 10.6901
0.295775 10.6901
0.549296 10.6901
0.802817 10.6901
1.05634 10.6901
1.30986 10.6901
1.56338 10.6901
1.8169 10.6901
2.07042 10.6901
2.32394 10.6901
2.57746 10.6901
2.83099 10.6901
3.08451 10.6901
3.33803 10.6901
3.59155 10.6901
3.84507 10.6901
4.09859 10.6901
4.35211 10.6901
4.60563 10.6901
4.85915 10.6901
5.11268 10.6901
5.3662 10.6901
5.61972 10.6901
5.87324 10.6901
6.12676 10.6901
6.38028 10.6901
6.6338 10.6901
6.88732 10.6901
7.14085 10.6901
7.39437 10.6901
7.64789 10.6901
7.90141 10.6901
8.15493 10.6901
8.40845 10.6901
8.66197 10.6901
8.91549 10.6901
9.16901 10.6901
9.42254 10.6901
9.67606 10.6901
9.92958 10.6901
10.1831 10.6901
10.4366 10.6901
10.6901 10.6901
10.9437 10.6901
11.1972 10.6901
11.4507 10.6901
11.7042 10.6901
11.9577 10.6901
12.2113 10.6901
12.4648 10.6901
12.7183 10.6901
12.9718 10.6901
13.2254 10.6901
13.4789 10.6901
13.7324 10.6901
13.9859 10.6901
14.2394 10.6901
14.493 10.6901
14.7465 10.6901
15 10.6901
-3 10.9437
-2.74648 10.9437
-2.49296 10.9437
-2.23944 10.9437
-1.98592 10.9437
-1.73239 10.9437
-1.47887 10.9437
-1.22535 10.9437
-0.971831 10.9437
-0.71831 10.9437
-0.464789 10.9437
-0.211268 10.9437
0.0422535 10.9437
0.295775 10.9437
0.549296 10.9437
0.802817 10.9437
1.05634 10.9437
1.30986 10.9437
1.56338 10.9437
1.8169 10.9437
2.07042 10.9437
2.32394 10.9437
2.57746 10.9437
2.83099 10.9437
3.08451 10.9437
3.33803 10.9437
3.59155 10.9437
3.84507 10.9437
4.09859 10.9437
4.35211 10.9437
4.60563 10.9437
4.85915 10.9437
5.11268 10.9437
5.3662 10.9437
5.61972 10.9437
5.87324 10.9437
6.12676 10.9437
6.38028 10.9437
6.6338 10.9437
6.88732 10.9437
7.14085 10.9437
7.39437 10.9437
7.64789 10.9437
7.90141 10.9437
8.15493 10.9437
8.40845 10.9437
8.66197 10.9437
8.91549 10.9437
9.16901 10.9437
9.42254 10.9437
9.67606 10.9437
9.92958 10.9437
10.1831 10.9437
10.4366 10.9437
10.6901 10.9437
10.9437 10.9437
11.1972 10.9437
11.4507 10.9437
11.7042 10.9437
11.9577 10.9437
12.2113 10.9437
12.4648 10.9437
12.7183 10.9437
12.9718 10.9437
13.2254 10.9437
13.4789 10.9437
13.7324 10.9437
13.9859 10.9437
14.2394 10.9437
14.493 10.9437
14.7465 10.9437
15 10.9437
-3 11.1972
-2.74648 11.1972
-2.49296 11.1972
-2.23944 11.1972
-1.98592 11.1972
-1.73239 11.1972
-1.47887 11.1972
-1.22535 11.1972
-0.971831 11.1972
-0.71831 11.1972
-0.464789 11.1972
-0.211268 11.1972
0.0422535 11.1972
0.295775 11.1972
0.549296 11.1972
0.802817 11.1972
1.05634 11.1972
1.30986 11.1972
1.56338 11.1972
1.8169 11.1972
2.07042 11.1972
2.32394 11.1972
2.57746 11.1972
2.83099 11.1972
3.08451 11.1972
3.33803 11.1972
3.59155 11.1972
3.84507 11.1972
4.09859 11.1972
4.35211 11.1972
4.60563 11.1972
4.85915 11.1972
5.11268 11.1972
5.3662 11.1972
5.61972 11.1972
5.87324 11.1972
6.12676 11.1972
6.38028 11.1972
6.6338 11.1972
6.88732 11.1972
7.14085 11.1972
7.39437 11.1972
7.64789 11.1972
7.90141 11.1972
8.15493 11.1972
8.40845 11.1972
8.66197 11.1972
8.91549 11.1972
9.16901 11.1972
9.42254 11.1972
9.67606 11.1972
9.92958 11.1972
10.1831 11.1972
10.4366 11.1972
10.6901 11.1972
10.9437 11.1972
11.1972 11.1972
11.4507 11.1972
11.7042 11.1972
11.9577 11.1972
12.2113 11.1972
12.4648 11.1972
12.7183 11.1972
12.9718 11.1972
13.2254 11.1972
13.4789 11.1972
13.7324 11.1972
13.9859 11.1972
14.2394 11.1972
14.493 11.1972
14.7465 11.1972
15 11.1972
-3 11.4507
-2.74648 11.4507
-2.49296 11.4507
-2.23944 11.4507
-1.98592 11.4507
-1.73239 11.4507
-1.47887 11.4507
-1.22535 11.4507
-0.971831 11.4507
-0.71831 11.4507
-0.464789 11.4507
-0.211268 11.4507
0.0422535 11.4507
0.295775 11.4507
0.549296 11.4507
0.802817 11.4507
1.05634 11.4507
1.30986 11.4507
1.56338 11.4507
1.8169 11.4507
2.07042 11.4507
2.32394 11.4507
2.57746 11.4507
2.83099 11.4507
3.08451 11.4507
3.33803 11.4507
3.59155 11.4507
3.84507 11.4507
4.09859 11.4507
4.35211 11.4507
4.60563 11.4507
4.85915 11.4507
5.11268 11.4507
5.3662 11.4507
5.61972 11.4507
5.87324 11.4507
6.12676 11.4507
6.38028 11.4507
6.6338 11.4507
6.88732 11.4507
7.14085 11.4507
7.39437 11.4507
7.64789 11.4507
7.90141 11.4507
8.15493 11.4507
8.40845 11.4507
8.66197 11.4507
8.91549 11.4507
9.16901 11.4507
9.42254 11.4507
9.67606 11.4507
9.92958 11.4507
10.1831 11.4507
10.4366 11.4507
10.6901 11.4507
10.9437 11.4507
11.1972 11.4507
11.4507 11.4507
11.7042 11.4507
11.9577 11.4507
12.2113 11.4507
12.4648 11.4507
12.7183 11.4507
12.9718 11.4507
13.2254 11.4507
13.4789 11.4507
13.7324 11.4507
13.9859 11.4507
14.2394 11.4507
14.493 11.4507
14.7465 11.4507
15 11.4507
-3 11.7042
-2.74648 11.7042
-2.49296 11.7042
-2.23944 11.7042
-1.98592 11.7042
-1.73239 11.7042
-1.47887 11.7042
-1.22535 11.7042
-0.971831 11.7042
-0.71831 11.7042
-0.464789 11.7042
-0.211268 11.7042
0.0422535 11.7042
0.295775 11.7042
0.549296 11.7042
0.802817 11.7042
1.05634 11.7042
1.30986 11.7042
1.56338 11.7042
1.8169 11.7042
2.07042 11.7042
2.32394 11.7042
2.57746 11.7042
2.83099 11.7042
3.08451 11.7042
3.33803 11.7042
3.59155 11.7042
3.84507 11.7042
4.09859 11.7042
4.35211 11.7042
4.60563 11.7042
4.85915 11.7042
5.11268 11.7042
5.3662 11.7042
5.61972 11.7042
5.87324 11.7042
6.12676 11.7042
6.38028 11.7042
6.6338 11.7042
6.88732 11.7042
7.14085 11.7042
7.39437 11.7042
7.64789 11.7042
7.90141 11.7042
8.15493 11.7042
8.40845 11.7042
8.66197 11.7042
8.91549 11.7042
9.16901 11.7042
9.42254 11.7042
9.67606 11.7042
9.92958 11.7042
10.1831 11.7042
10.4366 11.7042
10.6901 11.7042
10.9437 11.7042
11.1972 11.7042
11.4507 11.7042
11.7042 11.7042
11.9577 11.7042
12.2113 11.7042
12.4648 11.7042
12.7183 11.7042
12.9718 11.7042
13.2254 11.7042
13.4789 11.7042
13.7324 11.7042
13.9859 11.7042
14.2394 11.7042
14.493 11.7042
14.7465 11.7042
15 11.7042
-3 11.9577
-2.74648 11.9577
-2.49296 11.9577
-2.23944 11.9577
-1.98592 11.9577
-1.73239 11.9577
-1.47887 11.9577
-1.22535 11.9577
-0.971831 11.9577
-0.71831 11.9577
-0.464789 11.9577
-0.211268 11.9577
0.0422535 11.9577
0.295775 11.9577
0.549296 11.9577
0.802817 11.9577
1.05634 11.9577
1.30986 11.9577
1.56338 11.9577
1.8169 11.9577
2.07042 11.9577
2.32394 11.9577
2.57746 11.9577
2.83099 11.9577
3.08451 11.9577
3.33803 11.9577
3.59155 11.9577
3.84507 11.9577
4.09859 11.9577
4.35211 11.9577
4.60563 11.9577
4.85915 11.9577
5.11268 11.9577
5.3662 11.9577
5.61972 11.9577
5.87324 11.9577
6.12676 11.9577
6.38028 11.9577
6.6338 11.9577
6.88732 11.9577
7.14085 11.9577
7.39437 11.9577
7.64789 11.9577
7.90141 11.9577
8.15493 11.9577
8.40845 11.9577
8.66197 11.9577
8.91549 11.9577
9.16901 11.9577
9.42254 11.9577
9.67606 11.9577
9.92958 11.9577
10.1831 11.9577
10.4366 11.9577
10.6901 11.9577
10.9437 11.9577
11.1972 11.9577
11.4507 11.9577
11.7042 11.9577
11.9577 11.9577
12.2113 11.9577
12.4648 11.9577
12.7183 11.9577
12.9718 11.9577
13.2254 11.9577
13.4789 11.9577
13.7324 11.9577
13.9859 11.9577
14.2394 11.9577
14.493 11.9577
14.7465 11.9577
15 11.9577
-3 12.2113
-2.74648 12.2113
-2.49296 12.2113
-2.23944 12.2113
-1.98592 12.2113
-1.73239 12.2113
-1.47887 12.2113
-1.22535 12.2113
-0.971831 12.2113
-0.71831 12.2113
-0.464789 12.2113
-0.211268 12.2113
0.0422535 12.2113
0.295775 12.2113
0.549296 12.2113
0.802817 12.2113
1.05634 12.2113
1.30986 12.2113
1.56338 12.2113
1.8169 12.2113
2.07042 12.2113
2.32394 12.2113
2.57746 12.2113
2.83099 12.2113
3.08451 12.2113
3.33803 12.2113
3.59155 12.2113
3.84507 12.2113
4.09859 12.2113
4.35211 12.2113
4.60563 12.2113
4.85915 12.2113
5.11268 12.2113
5.3662 12.2113
5.61972 12.2113
5.87324 12.2113
6.12676 12.2113
6.38028 12.2113
6.6338 12.2113
6.88732 12.2113
7.14085 12.2113
7.39437 12.2113
7.64789 12.2113
7.90141 12.2113
8.15493 12.2113
8.40845 12.2113
8.66197 12.2113
8.91549 12.2113
9.16901 12.2113
9.42254 12.2113
9.67606 12.2113
9.92958 12.2113
10.1831 12.2113
10.4366 12.2113
10.6901 12.2113
10.9437 12.2113
11.1972 12.2113
11.4507 12.2113
11.7042 12.2113
11.9577 12.2113
12.2113 12.2113
12.4648 12.2113
12.7183 12.2113
12.9718 12.2113
13.2254 12.2113
13.4789 12.2113
13.7324 12.2113
13.9859 12.2113
14.2394 12.2113
14.493 12.2113
14.7465 12.2113
15 12.2113
-3 12.4648
-2.74648 12.4648
-2.49296 12.4648
-2.23944 12.4648
-1.98592 12.4648
-1.73239 12.4648
-1.47887 12.4648
-1.22535 12.4648
-0.971831 12.4648
-0.71831 12.4648
-0.464789 12.4648
-0.211268 12.4648
0.0422535 12.4648
0.295775 12.4648
0.549296 12.4648
0.802817 12.4648
1.05634 12.4648
1.30986 12.4648
1.56338 12.4648
1.8169 12.4648
2.07042 12.4648
2.32394 12.4648
2.57746 12.4648
2.83099 12.4648
3.08451 12.4648
3.33803 12.4648
3.59155 12.4648
3.84507 12.4648
4.09859 12.4648
4.35211 12.4648
4.60563 12.4648
4.85915 12.4648
5.11268 12.4648
5.3662 12.4648
5.61972 12.4648
5.87324 12.4648
6.12676 12.4648
6.38028 12.4648
6.6338 12.4648
6.88732 12.4648
7.14085 12.4648
7.39437 12.4648
7.64789 12.4648
7.90141 12.4648
8.15493 12.4648
8.40845 12.4648
8.66197 12.4648
8.91549 12.4648
9.16901 12.4648
9.42254 12.4648
9.67606 12.4648
9.92958 12.4648
10.1831 12.4648
10.4366 12.4648
10.6901 12.4648
10.9437 12.4648
11.1972 12.4648
11.4507 12.4648
11.7042 12.4648
11.9577 12.4648
12.2113 12.4648
12.4648 12.4648
12.7183 12.4648
12.9718 12.4648
13.2254 12.4648
13.4789 12.4648
13.7324 12.4648
13.9859 12.4648
14.2394 12.4648
14.493 12.4648
14.7465 12.4648
15 12.4648
-3 12.7183
-2.74648 12.7183
-2.49296 12.7183
-2.23944 12.7183
-1.98592 12.7183
-1.73239 12.7183
-1.47887 12.7183
-1.22535 12.7183
-0.971831 12.7183
-0.71831 12.7183
-0.464789 12.7183
-0.211268 12.7183
0.0422535 12.7183
0.295775 12.7183
0.549296 12.7183
0.802817 12.7183
1.05634 12.7183
1.30986 12.7183
1.56338 12.7183
1.8169 12.7183
2.07042 12.7183
2.32394 12.7183
2.57746 12.7183
2.83099 12.7183
3.08451 12.7183
3.33803 12.7183
3.59155 12.7183
3.84507 12.7183
4.09859 12.7183
4.35211 12.7183
4.60563 12.7183
4.85915 12.7183
5.11268 12.7183
5.3662 12.7183
5.61972 12.7183
5.87324 12.7183
6.12676 12.7183
6.38028 12.7183
6.6338 12.7183
6.88732 12.7183
7.14085 12.7183
7.39437 12.7183
7.64789 12.7183
7.90141 12.7183
8.15493 12.7183
8.40845 12.7183
8.66197 12.7183
8.91549 12.7183
9.16901 12.7183
9.42254 12.7183
9.67606 12.7183
9.92958 12.7183
10.1831 12.7183
10.4366 12.7183
10.6901 12.7183
10.9437 12.7183
11.1972 12.7183
11.4507 12.7183
11.7042 12.7183
11.9577 12.7183
12.2113 12.7183
12.4648 12.7183
12.7183 12.7183
12.9718 12.7183
13.2254 12.7183
13.4789 12.7183
13.7324 12.7183
13.9859 12.7183
14.2394 12.7183
14.493 12.7183
14.7465 12.7183
15 12.7183
-3 12.9718
-2.74648 12.9718
-2.49296 12.9718
-2.23944 12.9718
-1.98592 12.9718
-1.73239 12.9718
-1.47887 12.9718
-1.22535 12.9718
-0.971831 12.9718
-0.71831 12.9718
-0.464789 12.9718
-0.211268 12.9718
0.0422535 12.9718
0.295775 12.9718
0.549296 12.9718
0.802817 12.9718
1.05634 12.9718
1.30986 12.9718
1.56338 12.9718
1.8169 12.9718
2.07042 12.9718
2.32394 12.9718
2.57746 12.9718
2.83099 12.9718
3.08451 12.9718
3.33803 12.9718
3.59155 12.9718
3.84507 12.9718
4.09859 12.9718
4.35211 12.9718
4.60563 12.9718
4.85915 12.9718
5.11268 12.9718
5.3662 12.9718
5.61972 12.9718
5.87324 12.9718
6.12676 12.9718
6.38028 12.9718
6.6338 12.9718
6.88732 12.9718
7.14085 12.9718
7.39437 12.9718
7.64789 12.9718
7.90141 12.9718
8.15493 12.9718
8.40845 12.9718
8.66197 12.9718
8.91549 12.9718
9.16901 12.9718
9.42254 12.9718
9.67606 12.9718
9.92958 12.9718
10.1831 12.9718
10.4366 12.9718
10.6901 12.9718
10.9437 12.9718
11.1972 12.9718
11.4507 12.9718
11.7042 12.9718
11.9577 12.9718
12.2113 12.9718
12.4648 12.9718
12.7183 12.9718
12.9718 12.9718
13.2254 12.9718
13.4789 12.9718
13.7324 12.9718
13.9859 12.9718
14.2394 12.9718
14.493 12.9718
14.7465 12.9718
15 12.9718
-3 13.2254
-2.74648 13.2254
-2.49296 13.2254
-2.23944 13.2254
-1.98592 13.2254
-1.73239 13.2254
-1.47887 13.2254
-1.22535 13.2254
-0.971831 13.2254
-0.71831 13.2254
-0.464789 13.2254
-0.211268 13.2254
0.0422535 13.2254
0.295775 13.2254
0.549296 13.2254
0.802817 13.2254
1.05634 13.2254
1.30986 13.2254
1.56338 13.2254
1.8169 13.2254
2.07042 13.2254
2.32394 13.2254
2.57746 13.2254
2.83099 13.2254
3.08451 13.2254
3.33803 13.2254
3.59155 13.2254
3.84507 13.2254
4.09859 13.2254
4.35211 13.2254
4.60563 13.2254
4.85915 13.2254
5.11268 13.2254
5.3662 13.2254
5.61972 13.2254
5.87324 13.2254
6.12676 13.2254
6.38028 13.2254
6.6338 13.2254
6.88732 13.2254
7.14085 13.2254
7.39437 13.2254
7.64789 13.2254
7.90141 13.2254
8.15493 13.2254
8.40845 13.2254
8.66197 13.2254
8.91549 13.2254
9.16901 13.2254
9.42254 13.2254
9.67606 13.2254
9.92958 13.2254
10.1831 13.2254
10.4366 13.2254
10.6901 13.2254
10.9437 13.2254
11.1972 13.2254
11.4507 13.2254
11.7042 13.2254
11.9577 13.2254
12.2113 13.2254
12.4648 13.2254
12.7183 13.2254
12.9718 13.2254
13.2254 13.2254
13.4789 13.2254
13.7324 13.2254
13.9859 13.2254
14.2394 13.2254
14.493 13.2254
14.7465 13.2254
15 13.2254
-3 13.4789
-2.74648 13.4789
-2.49296 13.4789
-2.23944 13.4789
-1.98592 13.4789
-1.73239 13.4789
-1.47887 13.4789
-1.22535 13.4789
-0.971831 13.4789
-0.71831 13.4789
-0.464789 13.4789
-0.211268 13.4789
0.0422535 13.4789
0.295775 13.4789
0.549296 13.4789
0.802817 13.4789
1.05634 13.4789
1.30986 13.4789
1.56338 13.4789
1.8169 13.4789
2.07042 13.4789
2.32394 13.4789
2.57746 13.4789
2.83099 13.4789
3.08451 13.4789
3.33803 13.4789
3.59155 13.4789
3.84507 13.4789
4.09859 13.4789
4.35211 13.4789
4.60563 13.4789
4.85915 13.4789
5.11268 13.4789
5.3662 13.4789
5.61972 13.4789
5.87324 13.4789
6.12676 13.4789
6.38028 13.4789
6.6338 13.4789
6.88732 13.4789
7.14085 13.4789
7.39437 13.4789
7.64789 13.4789
7.90141 13.4789
8.15493 13.4789
8.40845 13.4789
8.66197 13.4789
8.91549 13.4789
9.16901 13.4789
9.42254 13.4789
9.67606 13.4789
9.92958 13.4789
10.1831 13.4789
10.4366 13.4789
10.6901 13.4789
10.9437 13.4789
11.1972 13.4789
11.4507 13.4789
11.7042 13.4789
11.9577 13.4789
12.2113 13.4789
12.4648 13.4789
12.7183 13.4789
12.9718 13.4789
13.2254 13.4789
13.4789 13.4789
13.7324 13.4789
13.9859 13.4789
14.2394 13.4789
14.493 13.4789
14.7465 13.4789
15 13.4789
-3 13.7324
-2.74648 13.7324
-2.49296 13.7324
-2.23944 13.7324
-1.98592 13.7324
-1.73239 13.7324
-1.47887 13.7324
-1.22535 13.7324
-0.971831 13.7324
-0.71831 13.7324
-0.464789 13.7324
-0.211268 13.7324
0.0422535 13.7324
0.295775 13.7324
0.549296 13.7324
0.802817 13.7324
1.05634 13.7324
1.30986 13.7324
1.56338 13.7324
1.8169 13.7324
2.07042 13.7324
2.32394 13.7324
2.57746 13.7324
2.83099 13.7324
3.08451 13.7324
3.33803 13.7324
3.59155 13.7324
3.84507 13.7324
4.09859 13.7324
4.35211 13.7324
4.60563 13.7324
4.85915 13.7324
5.11268 13.7324
5.3662 13.7324
5.61972 13.7324
5.87324 13.7324
6.12676 13.7324
6.38028 13.7324
6.6338 13.7324
6.88732 13.7324
7.14085 13.7324
7.39437 13.7324
7.64789 13.7324
7.90141 13.7324
8.15493 13.7324
8.40845 13.7324
8.66197 13.7324
8.91549 13.7324
9.16901 13.7324
9.42254 13.7324
9.67606 13.7324
9.92958 13.7324
10.1831 13.7324
10.4366 13.7324
10.6901 13.7324
10.9437 13.7324
11.1972 13.7324
11.4507 13.7324
11.7042 13.7324
11.9577 13.7324
12.2113 13.7324
12.4648 13.7324
12.7183 13.7324
12.9718 13.7324
13.2254 13.7324
13.4789 13.7324
13.7324 13.7324
13.9859 13.7324
14.2394 13.7324
14.493 13.7324
14.7465 13.7324
15 13.7324
-3 13.9859
-2.74648 13.9859
-2.49296 13.9859
-2.23944 13.9859
-1.98592 13.9859
-1.73239 13.9859
-1.47887 13.9859
-1.22535 13.9859
-0.971831 13.9859
-0.71831 13.9859
-0.464789 13.9859
-0.211268 13.9859
0.0422535 13.9859
0.295775 13.9859
0.549296 13.9859
0.802817 13.9859
1.05634 13.9859
1.30986 13.9859
1.56338 13.9859
1.8169 13.9859
2.07042 13.9859
2.32394 13.9859
2.57746 13.9859
2.83099 13.9859
3.08451 13.9859
3.33803 13.9859
3.59155 13.9859
3.84507 13.9859
4.09859 13.9859
4.35211 13.9859
4.60563 13.9859
4.85915 13.9859
5.11268 13.9859
5.3662 13.9859
5.61972 13.9859
5.87324 13.9859
6.12676 13.9859
6.38028 13.9859
6.6338 13.9859
6.88732 13.9859
7.14085 13.9859
7.39437 13.9859
7.64789 13.9859
7.90141 13.9859
8.15493 13.9859
8.40845 13.9859
8.66197 13.9859
8.91549 13.9859
9.16901 13.9859
9.42254 13.9859
9.67606 13.9859
9.92958 13.9859
10.1831 13.9859
10.4366 13.9859
10.6901 13.9859
10.9437 13.9859
11.1972 13.9859
11.4507 13.9859
11.7042 13.9859
11.9577 13.9859
12.2113 13.9859
12.4648 13.9859
12.7183 13.9859
12.9718 13.9859
13.2254 13.9859
13.4789 13.9859
13.7324 13.9859
13.9859 13.9859
14.2394 13.9859
14.493 13.9859
14.7465 13.9859
15 13.9859
-3 14.2394
-2.74648 14.2394
-2.49296 14.2394
-2.23944 14.2394
-1.98592 14.2394
-1.73239 14.2394
-1.47887 14.2394
-1.22535 14.2394
-0.971831 14.2394
-0.71831 14.2394
-0.464789 14.2394
-0.211268 14.2394
0.0422535 14.2394
0.295775 14.2394
0.549296 14.2394
0.802817 14.2394
1.05634 14.2394
1.30986 14.2394
1.56338 14.2394
1.8169 14.2394
2.07042 14.2394
2.32394 14.2394
2.57746 14.2394
2.83099 14.2394
3.08451 14.2394
3.33803 14.2394
3.59155 14.2394
3.84507 14.2394
4.09859 14.2394
4.35211 14.2394
4.60563 14.2394
4.85915 14.2394
5.11268 14.2394
5.3662 14.2394
5.61972 14.2394
5.87324 14.2394
6.12676 14.2394
6.38028 14.2394
6.6338 14.2394
6.88732 14.2394
7.14085 14.2394
7.39437 14.2394
7.64789 14.2394
7.90141 14.2394
8.15493 14.2394
8.40845 14.2394
8.66197 14.2394
8.91549 14.2394
9.16901 14.2394
9.42254 14.2394
9.67606 14.2394
9.92958 14.2394
10.1831 14.2394
10.4366 14.2394
10.6901 14.2394
10.9437 14.2394
11.1972 14.2394
11.4507 14.2394
11.7042 14.2394
11.9577 14.2394
12.2113 14.2394
12.4648 14.2394
12.7183 14.2394
12.9718 14.2394
13.2254 14.2394
13.4789 14.2394
13.7324 14.2394
13.9859 14.2394
14.2394 14.2394
14.493 14.2394
14.7465 14.2394
15 14.2394
-3 14.493
-2.74648 14.493
-2.49296 14.493
-2.23944 14.493
-1.98592 14.493
-1.73239 14.493
-1.47887 14.493
-1.22535 14.493
-0.971831 14.493
-0.71831 14.493
-0.464789 14.493
-0.211268 14.493
0.0422535 14.493
0.295775 14.493
0.549296 14.493
0.802817 14.493
1.05634 14.493
1.30986 14.493
1.56338 14.493
1.8169 14.493
2.07042 14.493
2.32394 14.493
2.57746 14.493
2.83099 14.493
3.08451 14.493
3.33803 14.493
3.59155 14.493
3.84507 14.493
4.09859 14.493
4.35211 14.493
4.60563 14.493
4.85915 14.493
5.11268 14.493
5.3662 14.493
5.61972 14.493
5.87324 14.493
6.12676 14.493
6.38028 14.493
6.6338 14.493
6.88732 14.493
7.14085 14.493
7.39437 14.493
7.64789 14.493
7.90141 14.493
8.15493 14.493
8.40845 14.493
8.66197 14.493
8.91549 14.493
9.16901 14.493
9.42254 14.493
9.67606 14.493
9.92958 14.493
10.1831 14.493
10.4366 14.493
10.6901 14.493
10.9437 14.493
11.1972 14.493
11.4507 14.493
11.7042 14.493
11.9577 14.493
12.2113 14.493
12.4648 14.493
12.7183 14.493
12.9718 14.493
13.2254 14.493
13.4789 14.493
13.7324 14.493
13.9859 14.493
14.2394 14.493
14.493 14.493
14.7465 14.493
15 14.493
-3 14.7465
-2.74648 14.7465
-2.49296 14.7465
-2.23944 14.7465
-1.98592 14.7465
-1.73239 14.7465
-1.47887 14.7465
-1.22535 14.7465
-0.971831 14.7465
-0.71831 14.7465
-0.464789 14.7465
-0.211268 14.7465
0.0422535 14.7465
0.295775 14.7465
0.549296 14.7465
0.802817 14.7465
1.05634 14.7465
1.30986 14.7465
1.56338 14.7465
1.8169 14.7465
2.07042 14.7465
2.32394 14.7465
2.57746 14.7465
2.83099 14.7465
3.08451 14.7465
3.33803 14.7465
3.59155 14.7465
3.84507 14.7465
4.09859 14.7465
4.35211 14.7465
4.60563 14.7465
4.85915 14.7465
5.11268 14.7465
5.3662 14.7465
5.61972 14.7465
5.87324 14.7465
6.12676 14.7465
6.38028 14.7465
6.6338 14.7465
6.88732 14.7465
7.14085 14.7465
7.39437 14.7465
7.64789 14.7465
7.90141 14.7465
8.15493 14.7465
8.40845 14.7465
8.66197 14.7465
8.91549 14.7465
9.16901 14.7465
9.42254 14.7465
9.67606 14.7465
9.92958 14.7465
10.1831 14.7465
10.4366 14.7465
10.6901 14.7465
10.9437 14.7465
11.1972 14.7465
11.4507 14.7465
11.7042 14.7465
11.9577 14.7465
12.2113 14.7465
12.4648 14.7465
12.7183 14.7465
12.9718 14.7465
13.2254 14.7465
13.4789 14.7465
13.7324 14.7465
13.9859 14.7465
14.2394 14.7465
14.493 14.7465
14.7465 14.7465
15 14.7465
-3 15
-2.74648 15
-2.49296 15
-2.23944 15
-1.98592 15
-1.73239 15
-1.47887 15
-1.22535 15
-0.971831 15
-0.71831 15
-0.464789 15
-0.211268 15
0.0422535 15
0.295775 15
0.549296 15
0.802817 15
1.05634 15
1.30986 15
1.56338 15
1.8169 15
2.07042 15
2.32394 15
2.57746 15
2.83099 15
3.08451 15
3.33803 15
3.59155 15
3.84507 15
4.09859 15
4.35211 15
4.60563 15
4.85915 15
5.11268 15
5.3662 15
5.61972 15
5.87324 15
6.12676 15
6.38028 15
6.6338 15
6.88732 15
7.14085 15
7.39437 15
7.64789 15
7.90141 15
8.15493 15
8.40845 15
8.66197 15
8.91549 15
9.16901 15
9.42254 15
9.67606 15
9.92958 15
10.1831 15
10.4366 15
10.6901 15
10.9437 15
11.1972 15
11.4507 15
11.7042 15
11.9577 15
12.2113 15
12.4648 15
12.7183 15
12.9718 15
13.2254 15
13.4789 15
13.7324 15
13.9859 15
14.2394 15
14.493 15
14.7465 15
15 15
