0 0 209
1 0 208
2 0 207
3 0 206
4 0 205
5 0 204
6 0 203
7 0 202
8 0 201
9 0 200
10 0 199
11 0 198
12 0 197
13 0 196
14 0 195
15 0 194
16 0 193
17 0 192
18 0 191
19 0 190
20 0 189
21 0 188
22 0 187
23 0 186
24 0 185
25 0 184
26 0 183
27 0 182
28 0 181
29 0 180
30 0 179
31 0 178
32 0 177
33 0 176
34 0 175
35 0 174
36 0 173
37 0 172
38 0 171
39 0 170
40 0 169
41 0 168
42 0 167
43 0 166
44 0 165
45 0 164
46 0 163
47 0 162
48 0 161
49 0 160
50 0 159
51 0 158
52 0 157
53 0 156
54 0 155
55 0 154
56 0 153
57 0 152
58 0 151
59 0 150
60 0 149
61 0 148
62 0 147
63 0 146
64 0 145
65 0 144
66 0 143
67 0 142
68 0 141
69 0 140
70 0 139
71 0 138
72 0 137
73 0 136
74 0 135
75 0 134
76 0 133
77 0 132
78 0 131
79 0 130
80 0 129
81 0 128
82 0 127
83 0 126
84 0 125
85 0 124
86 0 123
87 0 122
88 0 121
89 0 120
90 0 119
91 0 118
92 0 117
93 0 116
94 0 115
95 0 114
96 0 113
97 0 112
98 0 111
99 0 110
100 0 109
101 0 108
102 0 107
103 0 106
104 0 105
105 0 104
106 0 103
107 0 102
108 0 101
109 0 100
110 0 99
111 0 98
112 0 97
113 0 96
114 0 95
115 0 94
116 0 93
117 0 92
118 0 91
119 0 90
120 0 89
121 0 88
122 0 87
123 0 86
124 0 85
125 0 84
126 0 83
127 0 82
128 0 81
129 0 80
130 0 79
131 0 78
132 0 77
133 0 76
134 0 75
135 0 74
136 0 73
137 0 72
138 0 71
139 0 70
140 0 69
141 0 68
142 0 67
143 0 66
144 0 65
145 0 64
146 0 63
147 0 62
148 0 61
149 0 60
150 0 59
151 0 58
152 0 57
153 0 56
154 0 55
155 0 54
156 0 53
157 0 52
158 0 51
159 0 50
160 0 49
161 0 48
162 0 47
163 0 46
164 0 45
165 0 44
166 0 43
167 0 42
168 0 41
169 0 40
170 0 39
171 0 38
172 0 37
173 0 36
174 0 35
175 0 34
176 0 33
177 0 32
178 0 31
179 0 30
0 1 208
1 1 207
2 1 206
3 1 205
4 1 204
5 1 203
6 1 202
7 1 201
8 1 200
9 1 199
10 1 198
11 1 197
12 1 196
13 1 195
14 1 194
15 1 193
16 1 192
17 1 191
18 1 190
19 1 189
20 1 188
21 1 187
22 1 186
23 1 185
24 1 184
25 1 183
26 1 182
27 1 181
28 1 180
29 1 179
30 1 178
31 1 177
32 1 176
33 1 175
34 1 174
35 1 173
36 1 172
37 1 171
38 1 170
39 1 169
40 1 168
41 1 167
42 1 166
43 1 165
44 1 164
45 1 163
46 1 162
47 1 161
48 1 160
49 1 159
50 1 158
51 1 157
52 1 156
53 1 155
54 1 154
55 1 153
56 1 152
57 1 151
58 1 150
59 1 149
60 1 148
61 1 147
62 1 146
63 1 145
64 1 144
65 1 143
66 1 142
67 1 141
68 1 140
69 1 139
70 1 138
71 1 137
72 1 136
73 1 135
74 1 134
75 1 133
76 1 132
77 1 131
78 1 130
79 1 129
80 1 128
81 1 127
82 1 126
83 1 125
84 1 124
85 1 123
86 1 122
87 1 121
88 1 120
89 1 119
90 1 118
91 1 117
92 1 116
93 1 115
94 1 114
95 1 113
96 1 112
97 1 111
98 1 110
99 1 109
100 1 108
101 1 107
102 1 106
103 1 105
104 1 104
105 1 103
106 1 102
107 1 101
108 1 100
109 1 99
110 1 98
111 1 97
112 1 96
113 1 95
114 1 94
115 1 93
116 1 92
117 1 91
118 1 90
119 1 89
120 1 88
121 1 87
122 1 86
123 1 85
124 1 84
125 1 83
126 1 82
127 1 81
128 1 80
129 1 79
130 1 78
131 1 77
132 1 76
133 1 75
134 1 74
135 1 73
136 1 72
137 1 71
138 1 70
139 1 69
140 1 68
141 1 67
142 1 66
143 1 65
144 1 64
145 1 63
146 1 62
147 1 61
148 1 60
149 1 59
150 1 58
151 1 57
152 1 56
153 1 55
154 1 54
155 1 53
156 1 52
157 1 51
158 1 50
159 1 49
160 1 48
161 1 47
162 1 46
163 1 45
164 1 44
165 1 43
166 1 42
167 1 41
168 1 40
169 1 39
170 1 38
171 1 37
172 1 36
173 1 35
174 1 34
175 1 33
176 1 32
177 1 31
178 1 30
179 1 29
0 2 207
1 2 206
2 2 205
3 2 204
4 2 203
5 2 202
6 2 201
7 2 200
8 2 199
9 2 198
10 2 197
11 2 196
12 2 195
13 2 194
14 2 193
15 2 192
16 2 191
17 2 190
18 2 189
19 2 188
20 2 187
21 2 186
22 2 185
23 2 184
24 2 183
25 2 182
26 2 181
27 2 180
28 2 179
29 2 178
30 2 177
31 2 176
32 2 175
33 2 174
34 2 173
35 2 172
36 2 171
37 2 170
38 2 169
39 2 168
40 2 167
41 2 166
42 2 165
43 2 164
44 2 163
45 2 162
46 2 161
47 2 160
48 2 159
49 2 158
50 2 157
51 2 156
52 2 155
53 2 154
54 2 153
55 2 152
56 2 151
57 2 150
58 2 149
59 2 148
60 2 147
61 2 146
62 2 145
63 2 144
64 2 143
65 2 142
66 2 141
67 2 140
68 2 139
69 2 138
70 2 137
71 2 136
72 2 135
73 2 134
74 2 133
75 2 132
76 2 131
77 2 130
78 2 129
79 2 128
80 2 127
81 2 126
82 2 125
83 2 124
84 2 123
85 2 122
86 2 121
87 2 120
88 2 119
89 2 118
90 2 117
91 2 116
92 2 115
93 2 114
94 2 113
95 2 112
96 2 111
97 2 110
98 2 109
99 2 108
100 2 107
101 2 106
102 2 105
103 2 104
104 2 103
105 2 102
106 2 101
107 2 100
108 2 99
109 2 98
110 2 97
111 2 96
112 2 95
113 2 94
114 2 93
115 2 92
116 2 91
117 2 90
118 2 89
119 2 88
120 2 87
121 2 86
122 2 85
123 2 84
124 2 83
125 2 82
126 2 81
127 2 80
128 2 79
129 2 78
130 2 77
131 2 76
132 2 75
133 2 74
134 2 73
135 2 72
136 2 71
137 2 70
138 2 69
139 2 68
140 2 67
141 2 66
142 2 65
143 2 64
144 2 63
145 2 62
146 2 61
147 2 60
148 2 59
149 2 58
150 2 57
151 2 56
152 2 55
153 2 54
154 2 53
155 2 52
156 2 51
157 2 50
158 2 49
159 2 48
160 2 47
161 2 46
162 2 45
163 2 44
164 2 43
165 2 42
166 2 41
167 2 40
168 2 39
169 2 38
170 2 37
171 2 36
172 2 35
173 2 34
174 2 33
175 2 32
176 2 31
177 2 30
178 2 29
179 2 28
0 3 206
1 3 205
2 3 204
3 3 203
4 3 202
5 3 201
6 3 200
7 3 199
8 3 198
9 3 197
10 3 196
11 3 195
12 3 194
13 3 193
14 3 192
15 3 191
16 3 190
17 3 189
18 3 188
19 3 187
20 3 186
21 3 185
22 3 184
23 3 183
24 3 182
25 3 181
26 3 180
27 3 179
28 3 178
29 3 177
30 3 176
31 3 175
32 3 174
33 3 173
34 3 172
35 3 171
36 3 170
37 3 169
38 3 168
39 3 167
40 3 166
41 3 165
42 3 164
43 3 163
44 3 162
45 3 161
46 3 160
47 3 159
48 3 158
49 3 157
50 3 156
51 3 155
52 3 154
53 3 153
54 3 152
55 3 151
56 3 150
57 3 149
58 3 148
59 3 147
60 3 146
61 3 145
62 3 144
63 3 143
64 3 142
65 3 141
66 3 140
67 3 139
68 3 138
69 3 137
70 3 136
71 3 135
72 3 134
73 3 133
74 3 132
75 3 131
76 3 130
77 3 129
78 3 128
79 3 127
80 3 126
81 3 125
82 3 124
83 3 123
84 3 122
85 3 121
86 3 120
87 3 119
88 3 118
89 3 117
90 3 116
91 3 115
92 3 114
93 3 113
94 3 112
95 3 111
96 3 110
97 3 109
98 3 108
99 3 107
100 3 106
101 3 105
102 3 104
103 3 103
104 3 102
105 3 101
106 3 100
107 3 99
108 3 98
109 3 97
110 3 96
111 3 95
112 3 94
113 3 93
114 3 92
115 3 91
116 3 90
117 3 89
118 3 88
119 3 87
120 3 86
121 3 85
122 3 84
123 3 83
124 3 82
125 3 81
126 3 80
127 3 79
128 3 78
129 3 77
130 3 76
131 3 75
132 3 74
133 3 73
134 3 72
135 3 71
136 3 70
137 3 69
138 3 68
139 3 67
140 3 66
141 3 65
142 3 64
143 3 63
144 3 62
145 3 61
146 3 60
147 3 59
148 3 58
149 3 57
150 3 56
151 3 55
152 3 54
153 3 53
154 3 52
155 3 51
156 3 50
157 3 49
158 3 48
159 3 47
160 3 46
161 3 45
162 3 44
163 3 43
164 3 42
165 3 41
166 3 40
167 3 39
168 3 38
169 3 37
170 3 36
171 3 35
172 3 34
173 3 33
174 3 32
175 3 31
176 3 30
177 3 29
178 3 28
179 3 27
0 4 207
1 4 206
2 4 205
3 4 204
4 4 203
5 4 202
6 4 201
7 4 200
8 4 199
9 4 198
10 4 197
11 4 196
12 4 195
13 4 194
14 4 193
15 4 192
16 4 1
17 4 1
18 4 1
19 4 1
20 4 1
21 4 1
22 4 1
23 4 1
24 4 1
25 4 1
26 4 1
27 4 1
28 4 1
29 4 1
30 4 1
31 4 1
32 4 1
33 4 1
34 4 1
35 4 1
36 4 1
37 4 1
38 4 1
39 4 1
40 4 1
41 4 1
42 4 1
43 4 1
44 4 1
45 4 1
46 4 1
47 4 1
48 4 1
49 4 1
50 4 1
51 4 1
52 4 1
53 4 1
54 4 1
55 4 1
56 4 1
57 4 1
58 4 1
59 4 1
60 4 1
61 4 1
62 4 1
63 4 1
64 4 1
65 4 1
66 4 1
67 4 1
68 4 1
69 4 1
70 4 1
71 4 1
72 4 1
73 4 1
74 4 1
75 4 1
76 4 1
77 4 1
78 4 1
79 4 1
80 4 1
81 4 1
82 4 1
83 4 1
84 4 1
85 4 1
86 4 1
87 4 1
88 4 1
89 4 1
90 4 1
91 4 1
92 4 1
93 4 1
94 4 1
95 4 1
96 4 1
97 4 1
98 4 1
99 4 1
100 4 1
101 4 1
102 4 1
103 4 1
104 4 1
105 4 1
106 4 1
107 4 1
108 4 1
109 4 1
110 4 1
111 4 1
112 4 1
113 4 1
114 4 1
115 4 1
116 4 1
117 4 1
118 4 1
119 4 1
120 4 1
121 4 1
122 4 1
123 4 1
124 4 1
125 4 1
126 4 1
127 4 1
128 4 1
129 4 1
130 4 1
131 4 1
132 4 1
133 4 1
134 4 1
135 4 1
136 4 1
137 4 1
138 4 1
139 4 1
140 4 65
141 4 64
142 4 63
143 4 62
144 4 61
145 4 60
146 4 59
147 4 58
148 4 57
149 4 56
150 4 55
151 4 54
152 4 53
153 4 52
154 4 51
155 4 50
156 4 49
157 4 48
158 4 47
159 4 46
160 4 45
161 4 44
162 4 43
163 4 42
164 4 41
165 4 40
166 4 39
167 4 38
168 4 37
169 4 36
170 4 35
171 4 34
172 4 33
173 4 32
174 4 31
175 4 30
176 4 29
177 4 28
178 4 27
179 4 26
0 5 208
1 5 207
2 5 206
3 5 205
4 5 204
5 5 203
6 5 202
7 5 201
8 5 200
9 5 199
10 5 198
11 5 197
12 5 196
13 5 195
14 5 194
15 5 193
16 5 1
17 5 1
18 5 1
19 5 1
20 5 1
21 5 1
22 5 1
23 5 1
24 5 1
25 5 1
26 5 1
27 5 1
28 5 1
29 5 1
30 5 1
31 5 1
32 5 1
33 5 1
34 5 1
35 5 1
36 5 1
37 5 1
38 5 1
39 5 1
40 5 1
41 5 1
42 5 1
43 5 1
44 5 1
45 5 1
46 5 1
47 5 1
48 5 1
49 5 1
50 5 1
51 5 1
52 5 1
53 5 1
54 5 1
55 5 1
56 5 1
57 5 1
58 5 1
59 5 1
60 5 1
61 5 1
62 5 1
63 5 1
64 5 1
65 5 1
66 5 1
67 5 1
68 5 1
69 5 1
70 5 1
71 5 1
72 5 1
73 5 1
74 5 1
75 5 1
76 5 1
77 5 1
78 5 1
79 5 1
80 5 1
81 5 1
82 5 1
83 5 1
84 5 1
85 5 1
86 5 1
87 5 1
88 5 1
89 5 1
90 5 1
91 5 1
92 5 1
93 5 1
94 5 1
95 5 1
96 5 1
97 5 1
98 5 1
99 5 1
100 5 1
101 5 1
102 5 1
103 5 1
104 5 1
105 5 1
106 5 1
107 5 1
108 5 1
109 5 1
110 5 1
111 5 1
112 5 1
113 5 1
114 5 1
115 5 1
116 5 1
117 5 1
118 5 1
119 5 1
120 5 1
121 5 1
122 5 1
123 5 1
124 5 1
125 5 1
126 5 1
127 5 1
128 5 1
129 5 1
130 5 1
131 5 1
132 5 1
133 5 1
134 5 1
135 5 1
136 5 1
137 5 1
138 5 1
139 5 1
140 5 64
141 5 63
142 5 62
143 5 61
144 5 60
145 5 59
146 5 58
147 5 57
148 5 56
149 5 55
150 5 54
151 5 53
152 5 52
153 5 51
154 5 50
155 5 49
156 5 48
157 5 47
158 5 46
159 5 45
160 5 44
161 5 43
162 5 42
163 5 41
164 5 40
165 5 39
166 5 38
167 5 37
168 5 36
169 5 35
170 5 34
171 5 33
172 5 32
173 5 31
174 5 30
175 5 29
176 5 28
177 5 27
178 5 26
179 5 25
0 6 209
1 6 208
2 6 207
3 6 206
4 6 205
5 6 204
6 6 203
7 6 202
8 6 201
9 6 200
10 6 199
11 6 198
12 6 197
13 6 196
14 6 195
15 6 194
16 6 1
17 6 1
18 6 1
19 6 1
20 6 1
21 6 1
22 6 1
23 6 1
24 6 1
25 6 1
26 6 1
27 6 1
28 6 1
29 6 1
30 6 1
31 6 1
32 6 1
33 6 1
34 6 1
35 6 1
36 6 1
37 6 1
38 6 1
39 6 1
40 6 1
41 6 1
42 6 1
43 6 1
44 6 1
45 6 1
46 6 1
47 6 1
48 6 1
49 6 1
50 6 1
51 6 1
52 6 1
53 6 1
54 6 1
55 6 1
56 6 1
57 6 1
58 6 1
59 6 1
60 6 1
61 6 1
62 6 1
63 6 1
64 6 1
65 6 1
66 6 1
67 6 1
68 6 1
69 6 1
70 6 1
71 6 1
72 6 1
73 6 1
74 6 1
75 6 1
76 6 1
77 6 1
78 6 1
79 6 1
80 6 1
81 6 1
82 6 1
83 6 1
84 6 1
85 6 1
86 6 1
87 6 1
88 6 1
89 6 1
90 6 1
91 6 1
92 6 1
93 6 1
94 6 1
95 6 1
96 6 1
97 6 1
98 6 1
99 6 1
100 6 1
101 6 1
102 6 1
103 6 1
104 6 1
105 6 1
106 6 1
107 6 1
108 6 1
109 6 1
110 6 1
111 6 1
112 6 1
113 6 1
114 6 1
115 6 1
116 6 1
117 6 1
118 6 1
119 6 1
120 6 1
121 6 1
122 6 1
123 6 1
124 6 1
125 6 1
126 6 1
127 6 1
128 6 1
129 6 1
130 6 1
131 6 1
132 6 1
133 6 1
134 6 1
135 6 1
136 6 1
137 6 1
138 6 1
139 6 1
140 6 63
141 6 62
142 6 61
143 6 60
144 6 59
145 6 58
146 6 57
147 6 56
148 6 55
149 6 54
150 6 53
151 6 52
152 6 51
153 6 50
154 6 49
155 6 48
156 6 47
157 6 46
158 6 45
159 6 44
160 6 43
161 6 42
162 6 41
163 6 40
164 6 39
165 6 38
166 6 37
167 6 36
168 6 35
169 6 34
170 6 33
171 6 32
172 6 31
173 6 30
174 6 29
175 6 28
176 6 27
177 6 26
178 6 25
179 6 24
0 7 210
1 7 209
2 7 208
3 7 207
4 7 206
5 7 205
6 7 204
7 7 203
8 7 202
9 7 201
10 7 200
11 7 199
12 7 198
13 7 197
14 7 196
15 7 195
16 7 1
17 7 1
18 7 1
19 7 1
20 7 1
21 7 1
22 7 1
23 7 1
24 7 1
25 7 1
26 7 1
27 7 1
28 7 1
29 7 1
30 7 1
31 7 1
32 7 1
33 7 1
34 7 1
35 7 1
36 7 1
37 7 1
38 7 1
39 7 1
40 7 1
41 7 1
42 7 1
43 7 1
44 7 1
45 7 1
46 7 1
47 7 1
48 7 1
49 7 1
50 7 1
51 7 1
52 7 1
53 7 1
54 7 1
55 7 1
56 7 1
57 7 1
58 7 1
59 7 1
60 7 1
61 7 1
62 7 1
63 7 1
64 7 1
65 7 1
66 7 1
67 7 1
68 7 1
69 7 1
70 7 1
71 7 1
72 7 1
73 7 1
74 7 1
75 7 1
76 7 1
77 7 1
78 7 1
79 7 1
80 7 1
81 7 1
82 7 1
83 7 1
84 7 1
85 7 1
86 7 1
87 7 1
88 7 1
89 7 1
90 7 1
91 7 1
92 7 1
93 7 1
94 7 1
95 7 1
96 7 1
97 7 1
98 7 1
99 7 1
100 7 1
101 7 1
102 7 1
103 7 1
104 7 1
105 7 1
106 7 1
107 7 1
108 7 1
109 7 1
110 7 1
111 7 1
112 7 1
113 7 1
114 7 1
115 7 1
116 7 1
117 7 1
118 7 1
119 7 1
120 7 1
121 7 1
122 7 1
123 7 1
124 7 1
125 7 1
126 7 1
127 7 1
128 7 1
129 7 1
130 7 1
131 7 1
132 7 1
133 7 1
134 7 1
135 7 1
136 7 1
137 7 1
138 7 1
139 7 1
140 7 62
141 7 61
142 7 60
143 7 59
144 7 58
145 7 57
146 7 56
147 7 55
148 7 54
149 7 53
150 7 52
151 7 51
152 7 50
153 7 49
154 7 48
155 7 47
156 7 46
157 7 45
158 7 44
159 7 43
160 7 42
161 7 41
162 7 40
163 7 39
164 7 38
165 7 37
166 7 36
167 7 35
168 7 34
169 7 33
170 7 32
171 7 31
172 7 30
173 7 29
174 7 28
175 7 27
176 7 26
177 7 25
178 7 24
179 7 23
0 8 211
1 8 210
2 8 209
3 8 208
4 8 207
5 8 206
6 8 205
7 8 204
8 8 203
9 8 202
10 8 201
11 8 200
12 8 199
13 8 198
14 8 197
15 8 196
16 8 1
17 8 1
18 8 1
19 8 1
20 8 211
21 8 210
22 8 209
23 8 208
24 8 207
25 8 206
26 8 205
27 8 204
28 8 203
29 8 202
30 8 201
31 8 200
32 8 199
33 8 198
34 8 197
35 8 196
36 8 195
37 8 194
38 8 193
39 8 192
40 8 191
41 8 190
42 8 189
43 8 188
44 8 187
45 8 186
46 8 185
47 8 184
48 8 183
49 8 182
50 8 181
51 8 180
52 8 179
53 8 178
54 8 177
55 8 176
56 8 1
57 8 1
58 8 1
59 8 1
60 8 161
61 8 160
62 8 159
63 8 158
64 8 157
65 8 156
66 8 155
67 8 154
68 8 153
69 8 152
70 8 151
71 8 150
72 8 149
73 8 148
74 8 147
75 8 146
76 8 145
77 8 144
78 8 143
79 8 142
80 8 141
81 8 140
82 8 139
83 8 138
84 8 137
85 8 136
86 8 135
87 8 134
88 8 133
89 8 132
90 8 131
91 8 130
92 8 129
93 8 128
94 8 127
95 8 126
96 8 1
97 8 1
98 8 1
99 8 1
100 8 111
101 8 110
102 8 109
103 8 108
104 8 107
105 8 106
106 8 105
107 8 104
108 8 103
109 8 102
110 8 101
111 8 100
112 8 99
113 8 98
114 8 97
115 8 96
116 8 95
117 8 94
118 8 93
119 8 92
120 8 91
121 8 90
122 8 89
123 8 88
124 8 87
125 8 86
126 8 85
127 8 84
128 8 83
129 8 82
130 8 81
131 8 80
132 8 79
133 8 78
134 8 77
135 8 76
136 8 1
137 8 1
138 8 1
139 8 1
140 8 61
141 8 60
142 8 59
143 8 58
144 8 57
145 8 56
146 8 55
147 8 54
148 8 53
149 8 52
150 8 51
151 8 50
152 8 49
153 8 48
154 8 47
155 8 46
156 8 45
157 8 44
158 8 43
159 8 42
160 8 41
161 8 40
162 8 39
163 8 38
164 8 37
165 8 36
166 8 35
167 8 34
168 8 33
169 8 32
170 8 31
171 8 30
172 8 29
173 8 28
174 8 27
175 8 26
176 8 25
177 8 24
178 8 23
179 8 22
0 9 212
1 9 211
2 9 210
3 9 209
4 9 208
5 9 207
6 9 206
7 9 205
8 9 204
9 9 203
10 9 202
11 9 201
12 9 200
13 9 199
14 9 198
15 9 197
16 9 1
17 9 1
18 9 1
19 9 1
20 9 210
21 9 209
22 9 208
23 9 207
24 9 206
25 9 205
26 9 204
27 9 203
28 9 202
29 9 201
30 9 200
31 9 199
32 9 198
33 9 197
34 9 196
35 9 195
36 9 194
37 9 193
38 9 192
39 9 191
40 9 190
41 9 189
42 9 188
43 9 187
44 9 186
45 9 185
46 9 184
47 9 183
48 9 182
49 9 181
50 9 180
51 9 179
52 9 178
53 9 177
54 9 176
55 9 175
56 9 1
57 9 1
58 9 1
59 9 1
60 9 160
61 9 159
62 9 158
63 9 157
64 9 156
65 9 155
66 9 154
67 9 153
68 9 152
69 9 151
70 9 150
71 9 149
72 9 148
73 9 147
74 9 146
75 9 145
76 9 144
77 9 143
78 9 142
79 9 141
80 9 140
81 9 139
82 9 138
83 9 137
84 9 136
85 9 135
86 9 134
87 9 133
88 9 132
89 9 131
90 9 130
91 9 129
92 9 128
93 9 127
94 9 126
95 9 125
96 9 1
97 9 1
98 9 1
99 9 1
100 9 110
101 9 109
102 9 108
103 9 107
104 9 106
105 9 105
106 9 104
107 9 103
108 9 102
109 9 101
110 9 100
111 9 99
112 9 98
113 9 97
114 9 96
115 9 95
116 9 94
117 9 93
118 9 92
119 9 91
120 9 90
121 9 89
122 9 88
123 9 87
124 9 86
125 9 85
126 9 84
127 9 83
128 9 82
129 9 81
130 9 80
131 9 79
132 9 78
133 9 77
134 9 76
135 9 75
136 9 1
137 9 1
138 9 1
139 9 1
140 9 60
141 9 59
142 9 58
143 9 57
144 9 56
145 9 55
146 9 54
147 9 53
148 9 52
149 9 51
150 9 50
151 9 49
152 9 48
153 9 47
154 9 46
155 9 45
156 9 44
157 9 43
158 9 42
159 9 41
160 9 40
161 9 39
162 9 38
163 9 37
164 9 36
165 9 35
166 9 34
167 9 33
168 9 32
169 9 31
170 9 30
171 9 29
172 9 28
173 9 27
174 9 26
175 9 25
176 9 24
177 9 23
178 9 22
179 9 21
0 10 213
1 10 212
2 10 211
3 10 210
4 10 209
5 10 208
6 10 207
7 10 206
8 10 205
9 10 204
10 10 203
11 10 202
12 10 201
13 10 200
14 10 199
15 10 198
16 10 1
17 10 1
18 10 1
19 10 1
20 10 209
21 10 208
22 10 207
23 10 206
24 10 205
25 10 204
26 10 203
27 10 202
28 10 201
29 10 200
30 10 199
31 10 198
32 10 197
33 10 196
34 10 195
35 10 194
36 10 193
37 10 192
38 10 191
39 10 190
40 10 189
41 10 188
42 10 187
43 10 186
44 10 185
45 10 184
46 10 183
47 10 182
48 10 181
49 10 180
50 10 179
51 10 178
52 10 177
53 10 176
54 10 175
55 10 174
56 10 1
57 10 1
58 10 1
59 10 1
60 10 159
61 10 158
62 10 157
63 10 156
64 10 155
65 10 154
66 10 153
67 10 152
68 10 151
69 10 150
70 10 149
71 10 148
72 10 147
73 10 146
74 10 145
75 10 144
76 10 143
77 10 142
78 10 141
79 10 140
80 10 139
81 10 138
82 10 137
83 10 136
84 10 135
85 10 134
86 10 133
87 10 132
88 10 131
89 10 130
90 10 129
91 10 128
92 10 127
93 10 126
94 10 125
95 10 124
96 10 1
97 10 1
98 10 1
99 10 1
100 10 109
101 10 108
102 10 107
103 10 106
104 10 105
105 10 104
106 10 103
107 10 102
108 10 101
109 10 100
110 10 99
111 10 98
112 10 97
113 10 96
114 10 95
115 10 94
116 10 93
117 10 92
118 10 91
119 10 90
120 10 89
121 10 88
122 10 87
123 10 86
124 10 85
125 10 84
126 10 83
127 10 82
128 10 81
129 10 80
130 10 79
131 10 78
132 10 77
133 10 76
134 10 75
135 10 74
136 10 1
137 10 1
138 10 1
139 10 1
140 10 59
141 10 58
142 10 57
143 10 56
144 10 55
145 10 54
146 10 53
147 10 52
148 10 51
149 10 50
150 10 49
151 10 48
152 10 47
153 10 46
154 10 45
155 10 44
156 10 43
157 10 42
158 10 41
159 10 40
160 10 39
161 10 38
162 10 37
163 10 36
164 10 35
165 10 34
166 10 33
167 10 32
168 10 31
169 10 30
170 10 29
171 10 28
172 10 27
173 10 26
174 10 25
175 10 24
176 10 23
177 10 22
178 10 21
179 10 20
0 11 214
1 11 213
2 11 212
3 11 211
4 11 210
5 11 209
6 11 208
7 11 207
8 11 206
9 11 205
10 11 204
11 11 203
12 11 202
13 11 201
14 11 200
15 11 199
16 11 1
17 11 1
18 11 1
19 11 1
20 11 208
21 11 207
22 11 206
23 11 205
24 11 204
25 11 203
26 11 202
27 11 201
28 11 200
29 11 199
30 11 198
31 11 197
32 11 196
33 11 195
34 11 194
35 11 193
36 11 192
37 11 191
38 11 190
39 11 189
40 11 188
41 11 187
42 11 186
43 11 185
44 11 184
45 11 183
46 11 182
47 11 181
48 11 180
49 11 179
50 11 178
51 11 177
52 11 176
53 11 175
54 11 174
55 11 173
56 11 1
57 11 1
58 11 1
59 11 1
60 11 158
61 11 157
62 11 156
63 11 155
64 11 154
65 11 153
66 11 152
67 11 151
68 11 150
69 11 149
70 11 148
71 11 147
72 11 146
73 11 145
74 11 144
75 11 143
76 11 142
77 11 141
78 11 140
79 11 139
80 11 138
81 11 137
82 11 136
83 11 135
84 11 134
85 11 133
86 11 132
87 11 131
88 11 130
89 11 129
90 11 128
91 11 127
92 11 126
93 11 125
94 11 124
95 11 123
96 11 1
97 11 1
98 11 1
99 11 1
100 11 108
101 11 107
102 11 106
103 11 105
104 11 104
105 11 103
106 11 102
107 11 101
108 11 100
109 11 99
110 11 98
111 11 97
112 11 96
113 11 95
114 11 94
115 11 93
116 11 92
117 11 91
118 11 90
119 11 89
120 11 88
121 11 87
122 11 86
123 11 85
124 11 84
125 11 83
126 11 82
127 11 81
128 11 80
129 11 79
130 11 78
131 11 77
132 11 76
133 11 75
134 11 74
135 11 73
136 11 1
137 11 1
138 11 1
139 11 1
140 11 58
141 11 57
142 11 56
143 11 55
144 11 54
145 11 53
146 11 52
147 11 51
148 11 50
149 11 49
150 11 48
151 11 47
152 11 46
153 11 45
154 11 44
155 11 43
156 11 42
157 11 41
158 11 40
159 11 39
160 11 38
161 11 37
162 11 36
163 11 35
164 11 34
165 11 33
166 11 32
167 11 31
168 11 30
169 11 29
170 11 28
171 11 27
172 11 26
173 11 25
174 11 24
175 11 23
176 11 22
177 11 21
178 11 20
179 11 19
0 12 215
1 12 214
2 12 213
3 12 212
4 12 211
5 12 210
6 12 209
7 12 208
8 12 207
9 12 206
10 12 205
11 12 204
12 12 203
13 12 202
14 12 201
15 12 200
16 12 1
17 12 1
18 12 1
19 12 1
20 12 207
21 12 206
22 12 205
23 12 204
24 12 203
25 12 202
26 12 201
27 12 200
28 12 199
29 12 198
30 12 197
31 12 196
32 12 195
33 12 194
34 12 193
35 12 192
36 12 191
37 12 190
38 12 189
39 12 188
40 12 187
41 12 186
42 12 185
43 12 184
44 12 183
45 12 182
46 12 181
47 12 180
48 12 179
49 12 178
50 12 177
51 12 176
52 12 175
53 12 174
54 12 173
55 12 172
56 12 1
57 12 1
58 12 1
59 12 1
60 12 157
61 12 156
62 12 155
63 12 154
64 12 153
65 12 152
66 12 151
67 12 150
68 12 149
69 12 148
70 12 147
71 12 146
72 12 145
73 12 144
74 12 143
75 12 142
76 12 141
77 12 140
78 12 139
79 12 138
80 12 137
81 12 136
82 12 135
83 12 134
84 12 133
85 12 132
86 12 131
87 12 130
88 12 129
89 12 128
90 12 127
91 12 126
92 12 125
93 12 124
94 12 123
95 12 122
96 12 1
97 12 1
98 12 1
99 12 1
100 12 107
101 12 106
102 12 105
103 12 104
104 12 103
105 12 102
106 12 101
107 12 100
108 12 99
109 12 98
110 12 97
111 12 96
112 12 95
113 12 94
114 12 93
115 12 92
116 12 91
117 12 90
118 12 89
119 12 88
120 12 87
121 12 86
122 12 85
123 12 84
124 12 83
125 12 82
126 12 81
127 12 80
128 12 79
129 12 78
130 12 77
131 12 76
132 12 75
133 12 74
134 12 73
135 12 72
136 12 1
137 12 1
138 12 1
139 12 1
140 12 57
141 12 56
142 12 55
143 12 54
144 12 53
145 12 52
146 12 51
147 12 50
148 12 49
149 12 48
150 12 47
151 12 46
152 12 45
153 12 44
154 12 43
155 12 42
156 12 41
157 12 40
158 12 39
159 12 38
160 12 37
161 12 36
162 12 35
163 12 34
164 12 33
165 12 32
166 12 31
167 12 30
168 12 29
169 12 28
170 12 27
171 12 26
172 12 25
173 12 24
174 12 23
175 12 22
176 12 21
177 12 20
178 12 19
179 12 18
0 13 216
1 13 215
2 13 214
3 13 213
4 13 212
5 13 211
6 13 210
7 13 209
8 13 208
9 13 207
10 13 206
11 13 205
12 13 204
13 13 203
14 13 202
15 13 201
16 13 1
17 13 1
18 13 1
19 13 1
20 13 206
21 13 205
22 13 204
23 13 203
24 13 202
25 13 201
26 13 200
27 13 199
28 13 198
29 13 197
30 13 196
31 13 195
32 13 194
33 13 193
34 13 192
35 13 191
36 13 190
37 13 189
38 13 188
39 13 187
40 13 186
41 13 185
42 13 184
43 13 183
44 13 182
45 13 181
46 13 180
47 13 179
48 13 178
49 13 177
50 13 176
51 13 175
52 13 174
53 13 173
54 13 172
55 13 171
56 13 1
57 13 1
58 13 1
59 13 1
60 13 156
61 13 155
62 13 154
63 13 153
64 13 152
65 13 151
66 13 150
67 13 149
68 13 148
69 13 147
70 13 146
71 13 145
72 13 144
73 13 143
74 13 142
75 13 141
76 13 140
77 13 139
78 13 138
79 13 137
80 13 136
81 13 135
82 13 134
83 13 133
84 13 132
85 13 131
86 13 130
87 13 129
88 13 128
89 13 127
90 13 126
91 13 125
92 13 124
93 13 123
94 13 122
95 13 121
96 13 1
97 13 1
98 13 1
99 13 1
100 13 106
101 13 105
102 13 104
103 13 103
104 13 102
105 13 101
106 13 100
107 13 99
108 13 98
109 13 97
110 13 96
111 13 95
112 13 94
113 13 93
114 13 92
115 13 91
116 13 90
117 13 89
118 13 88
119 13 87
120 13 86
121 13 85
122 13 84
123 13 83
124 13 82
125 13 81
126 13 80
127 13 79
128 13 78
129 13 77
130 13 76
131 13 75
132 13 74
133 13 73
134 13 72
135 13 71
136 13 1
137 13 1
138 13 1
139 13 1
140 13 56
141 13 55
142 13 54
143 13 53
144 13 52
145 13 51
146 13 50
147 13 49
148 13 48
149 13 47
150 13 46
151 13 45
152 13 44
153 13 43
154 13 42
155 13 41
156 13 40
157 13 39
158 13 38
159 13 37
160 13 36
161 13 35
162 13 34
163 13 33
164 13 32
165 13 31
166 13 30
167 13 29
168 13 28
169 13 27
170 13 26
171 13 25
172 13 24
173 13 23
174 13 22
175 13 21
176 13 20
177 13 19
178 13 18
179 13 17
0 14 217
1 14 216
2 14 215
3 14 214
4 14 213
5 14 212
6 14 211
7 14 210
8 14 209
9 14 208
10 14 207
11 14 206
12 14 205
13 14 204
14 14 203
15 14 202
16 14 1
17 14 1
18 14 1
19 14 1
20 14 205
21 14 204
22 14 203
23 14 202
24 14 201
25 14 200
26 14 199
27 14 198
28 14 197
29 14 196
30 14 195
31 14 194
32 14 193
33 14 192
34 14 191
35 14 190
36 14 189
37 14 188
38 14 187
39 14 186
40 14 185
41 14 184
42 14 183
43 14 182
44 14 181
45 14 180
46 14 179
47 14 178
48 14 177
49 14 176
50 14 175
51 14 174
52 14 173
53 14 172
54 14 171
55 14 170
56 14 1
57 14 1
58 14 1
59 14 1
60 14 155
61 14 154
62 14 153
63 14 152
64 14 151
65 14 150
66 14 149
67 14 148
68 14 147
69 14 146
70 14 145
71 14 144
72 14 143
73 14 142
74 14 141
75 14 140
76 14 139
77 14 138
78 14 137
79 14 136
80 14 135
81 14 134
82 14 133
83 14 132
84 14 131
85 14 130
86 14 129
87 14 128
88 14 127
89 14 126
90 14 125
91 14 124
92 14 123
93 14 122
94 14 121
95 14 120
96 14 1
97 14 1
98 14 1
99 14 1
100 14 105
101 14 104
102 14 103
103 14 102
104 14 101
105 14 100
106 14 99
107 14 98
108 14 97
109 14 96
110 14 95
111 14 94
112 14 93
113 14 92
114 14 91
115 14 90
116 14 89
117 14 88
118 14 87
119 14 86
120 14 85
121 14 84
122 14 83
123 14 82
124 14 81
125 14 80
126 14 79
127 14 78
128 14 77
129 14 76
130 14 75
131 14 74
132 14 73
133 14 72
134 14 71
135 14 70
136 14 1
137 14 1
138 14 1
139 14 1
140 14 55
141 14 54
142 14 53
143 14 52
144 14 51
145 14 50
146 14 49
147 14 48
148 14 47
149 14 46
150 14 45
151 14 44
152 14 43
153 14 42
154 14 41
155 14 40
156 14 39
157 14 38
158 14 37
159 14 36
160 14 35
161 14 34
162 14 33
163 14 32
164 14 31
165 14 30
166 14 29
167 14 28
168 14 27
169 14 26
170 14 25
171 14 24
172 14 23
173 14 22
174 14 21
175 14 20
176 14 19
177 14 18
178 14 17
179 14 16
0 15 218
1 15 217
2 15 216
3 15 215
4 15 214
5 15 213
6 15 212
7 15 211
8 15 210
9 15 209
10 15 208
11 15 207
12 15 206
13 15 205
14 15 204
15 15 203
16 15 1
17 15 1
18 15 1
19 15 1
20 15 204
21 15 203
22 15 202
23 15 201
24 15 200
25 15 199
26 15 198
27 15 197
28 15 196
29 15 195
30 15 194
31 15 193
32 15 192
33 15 191
34 15 190
35 15 189
36 15 188
37 15 187
38 15 186
39 15 185
40 15 184
41 15 183
42 15 182
43 15 181
44 15 180
45 15 179
46 15 178
47 15 177
48 15 176
49 15 175
50 15 174
51 15 173
52 15 172
53 15 171
54 15 170
55 15 169
56 15 1
57 15 1
58 15 1
59 15 1
60 15 154
61 15 153
62 15 152
63 15 151
64 15 150
65 15 149
66 15 148
67 15 147
68 15 146
69 15 145
70 15 144
71 15 143
72 15 142
73 15 141
74 15 140
75 15 139
76 15 138
77 15 137
78 15 136
79 15 135
80 15 134
81 15 133
82 15 132
83 15 131
84 15 130
85 15 129
86 15 128
87 15 127
88 15 126
89 15 125
90 15 124
91 15 123
92 15 122
93 15 121
94 15 120
95 15 119
96 15 1
97 15 1
98 15 1
99 15 1
100 15 104
101 15 103
102 15 102
103 15 101
104 15 100
105 15 99
106 15 98
107 15 97
108 15 96
109 15 95
110 15 94
111 15 93
112 15 92
113 15 91
114 15 90
115 15 89
116 15 88
117 15 87
118 15 86
119 15 85
120 15 84
121 15 83
122 15 82
123 15 81
124 15 80
125 15 79
126 15 78
127 15 77
128 15 76
129 15 75
130 15 74
131 15 73
132 15 72
133 15 71
134 15 70
135 15 69
136 15 1
137 15 1
138 15 1
139 15 1
140 15 54
141 15 53
142 15 52
143 15 51
144 15 50
145 15 49
146 15 48
147 15 47
148 15 46
149 15 45
150 15 44
151 15 43
152 15 42
153 15 41
154 15 40
155 15 39
156 15 38
157 15 37
158 15 36
159 15 35
160 15 34
161 15 33
162 15 32
163 15 31
164 15 30
165 15 29
166 15 28
167 15 27
168 15 26
169 15 25
170 15 24
171 15 23
172 15 22
173 15 21
174 15 20
175 15 19
176 15 18
177 15 17
178 15 16
179 15 15
0 16 219
1 16 218
2 16 217
3 16 216
4 16 215
5 16 214
6 16 213
7 16 212
8 16 211
9 16 210
10 16 209
11 16 208
12 16 207
13 16 206
14 16 205
15 16 204
16 16 1
17 16 1
18 16 1
19 16 1
20 16 203
21 16 202
22 16 201
23 16 200
24 16 199
25 16 198
26 16 197
27 16 196
28 16 195
29 16 194
30 16 193
31 16 192
32 16 191
33 16 190
34 16 189
35 16 188
36 16 187
37 16 186
38 16 185
39 16 184
40 16 183
41 16 182
42 16 181
43 16 180
44 16 179
45 16 178
46 16 177
47 16 176
48 16 175
49 16 174
50 16 173
51 16 172
52 16 171
53 16 170
54 16 169
55 16 168
56 16 1
57 16 1
58 16 1
59 16 1
60 16 153
61 16 152
62 16 151
63 16 150
64 16 149
65 16 148
66 16 147
67 16 146
68 16 145
69 16 144
70 16 143
71 16 142
72 16 141
73 16 140
74 16 139
75 16 138
76 16 137
77 16 136
78 16 135
79 16 134
80 16 133
81 16 132
82 16 131
83 16 130
84 16 129
85 16 128
86 16 127
87 16 126
88 16 125
89 16 124
90 16 123
91 16 122
92 16 121
93 16 120
94 16 119
95 16 118
96 16 1
97 16 1
98 16 1
99 16 1
100 16 103
101 16 102
102 16 101
103 16 100
104 16 99
105 16 98
106 16 97
107 16 96
108 16 95
109 16 94
110 16 93
111 16 92
112 16 91
113 16 90
114 16 89
115 16 88
116 16 87
117 16 86
118 16 85
119 16 84
120 16 83
121 16 82
122 16 81
123 16 80
124 16 79
125 16 78
126 16 77
127 16 76
128 16 75
129 16 74
130 16 73
131 16 72
132 16 71
133 16 70
134 16 69
135 16 68
136 16 1
137 16 1
138 16 1
139 16 1
140 16 53
141 16 52
142 16 51
143 16 50
144 16 49
145 16 48
146 16 47
147 16 46
148 16 45
149 16 44
150 16 43
151 16 42
152 16 41
153 16 40
154 16 39
155 16 38
156 16 37
157 16 36
158 16 35
159 16 34
160 16 33
161 16 32
162 16 31
163 16 30
164 16 29
165 16 28
166 16 27
167 16 26
168 16 25
169 16 24
170 16 23
171 16 22
172 16 21
173 16 20
174 16 19
175 16 18
176 16 17
177 16 16
178 16 15
179 16 14
0 17 220
1 17 219
2 17 218
3 17 217
4 17 216
5 17 215
6 17 214
7 17 213
8 17 212
9 17 211
10 17 210
11 17 209
12 17 208
13 17 207
14 17 206
15 17 205
16 17 1
17 17 1
18 17 1
19 17 1
20 17 202
21 17 201
22 17 200
23 17 199
24 17 198
25 17 197
26 17 196
27 17 195
28 17 194
29 17 193
30 17 192
31 17 191
32 17 190
33 17 189
34 17 188
35 17 187
36 17 186
37 17 185
38 17 184
39 17 183
40 17 182
41 17 181
42 17 180
43 17 179
44 17 178
45 17 177
46 17 176
47 17 175
48 17 174
49 17 173
50 17 172
51 17 171
52 17 170
53 17 169
54 17 168
55 17 167
56 17 1
57 17 1
58 17 1
59 17 1
60 17 152
61 17 151
62 17 150
63 17 149
64 17 148
65 17 147
66 17 146
67 17 145
68 17 144
69 17 143
70 17 142
71 17 141
72 17 140
73 17 139
74 17 138
75 17 137
76 17 136
77 17 135
78 17 134
79 17 133
80 17 132
81 17 131
82 17 130
83 17 129
84 17 128
85 17 127
86 17 126
87 17 125
88 17 124
89 17 123
90 17 122
91 17 121
92 17 120
93 17 119
94 17 118
95 17 117
96 17 1
97 17 1
98 17 1
99 17 1
100 17 102
101 17 101
102 17 100
103 17 99
104 17 98
105 17 97
106 17 96
107 17 95
108 17 94
109 17 93
110 17 92
111 17 91
112 17 90
113 17 89
114 17 88
115 17 87
116 17 86
117 17 85
118 17 84
119 17 83
120 17 82
121 17 81
122 17 80
123 17 79
124 17 78
125 17 77
126 17 76
127 17 75
128 17 74
129 17 73
130 17 72
131 17 71
132 17 70
133 17 69
134 17 68
135 17 67
136 17 1
137 17 1
138 17 1
139 17 1
140 17 52
141 17 51
142 17 50
143 17 49
144 17 48
145 17 47
146 17 46
147 17 45
148 17 44
149 17 43
150 17 42
151 17 41
152 17 40
153 17 39
154 17 38
155 17 37
156 17 36
157 17 35
158 17 34
159 17 33
160 17 32
161 17 31
162 17 30
163 17 29
164 17 28
165 17 27
166 17 26
167 17 25
168 17 24
169 17 23
170 17 22
171 17 21
172 17 20
173 17 19
174 17 18
175 17 17
176 17 16
177 17 15
178 17 14
179 17 13
0 18 221
1 18 220
2 18 219
3 18 218
4 18 217
5 18 216
6 18 215
7 18 214
8 18 213
9 18 212
10 18 211
11 18 210
12 18 209
13 18 208
14 18 207
15 18 206
16 18 1
17 18 1
18 18 1
19 18 1
20 18 201
21 18 200
22 18 199
23 18 198
24 18 197
25 18 196
26 18 195
27 18 194
28 18 193
29 18 192
30 18 191
31 18 190
32 18 189
33 18 188
34 18 187
35 18 186
36 18 185
37 18 184
38 18 183
39 18 182
40 18 181
41 18 180
42 18 179
43 18 178
44 18 177
45 18 176
46 18 175
47 18 174
48 18 173
49 18 172
50 18 171
51 18 170
52 18 169
53 18 168
54 18 167
55 18 166
56 18 1
57 18 1
58 18 1
59 18 1
60 18 151
61 18 150
62 18 149
63 18 148
64 18 147
65 18 146
66 18 145
67 18 144
68 18 143
69 18 142
70 18 141
71 18 140
72 18 139
73 18 138
74 18 137
75 18 136
76 18 135
77 18 134
78 18 133
79 18 132
80 18 131
81 18 130
82 18 129
83 18 128
84 18 127
85 18 126
86 18 125
87 18 124
88 18 123
89 18 122
90 18 121
91 18 120
92 18 119
93 18 118
94 18 117
95 18 116
96 18 1
97 18 1
98 18 1
99 18 1
100 18 101
101 18 100
102 18 99
103 18 98
104 18 97
105 18 96
106 18 95
107 18 94
108 18 93
109 18 92
110 18 91
111 18 90
112 18 89
113 18 88
114 18 87
115 18 86
116 18 85
117 18 84
118 18 83
119 18 82
120 18 81
121 18 80
122 18 79
123 18 78
124 18 77
125 18 76
126 18 75
127 18 74
128 18 73
129 18 72
130 18 71
131 18 70
132 18 69
133 18 68
134 18 67
135 18 66
136 18 1
137 18 1
138 18 1
139 18 1
140 18 51
141 18 50
142 18 49
143 18 48
144 18 47
145 18 46
146 18 45
147 18 44
148 18 43
149 18 42
150 18 41
151 18 40
152 18 39
153 18 38
154 18 37
155 18 36
156 18 35
157 18 34
158 18 33
159 18 32
160 18 31
161 18 30
162 18 29
163 18 28
164 18 27
165 18 26
166 18 25
167 18 24
168 18 23
169 18 22
170 18 21
171 18 20
172 18 19
173 18 18
174 18 17
175 18 16
176 18 15
177 18 14
178 18 13
179 18 12
0 19 222
1 19 221
2 19 220
3 19 219
4 19 218
5 19 217
6 19 216
7 19 215
8 19 214
9 19 213
10 19 212
11 19 211
12 19 210
13 19 209
14 19 208
15 19 207
16 19 1
17 19 1
18 19 1
19 19 1
20 19 200
21 19 199
22 19 198
23 19 197
24 19 196
25 19 195
26 19 194
27 19 193
28 19 192
29 19 191
30 19 190
31 19 189
32 19 188
33 19 187
34 19 186
35 19 185
36 19 184
37 19 183
38 19 182
39 19 181
40 19 180
41 19 179
42 19 178
43 19 177
44 19 176
45 19 175
46 19 174
47 19 173
48 19 172
49 19 171
50 19 170
51 19 169
52 19 168
53 19 167
54 19 166
55 19 165
56 19 1
57 19 1
58 19 1
59 19 1
60 19 150
61 19 149
62 19 148
63 19 147
64 19 146
65 19 145
66 19 144
67 19 143
68 19 142
69 19 141
70 19 140
71 19 139
72 19 138
73 19 137
74 19 136
75 19 135
76 19 134
77 19 133
78 19 132
79 19 131
80 19 130
81 19 129
82 19 128
83 19 127
84 19 126
85 19 125
86 19 124
87 19 123
88 19 122
89 19 121
90 19 120
91 19 119
92 19 118
93 19 117
94 19 116
95 19 115
96 19 1
97 19 1
98 19 1
99 19 1
100 19 100
101 19 99
102 19 98
103 19 97
104 19 96
105 19 95
106 19 94
107 19 93
108 19 92
109 19 91
110 19 90
111 19 89
112 19 88
113 19 87
114 19 86
115 19 85
116 19 84
117 19 83
118 19 82
119 19 81
120 19 80
121 19 79
122 19 78
123 19 77
124 19 76
125 19 75
126 19 74
127 19 73
128 19 72
129 19 71
130 19 70
131 19 69
132 19 68
133 19 67
134 19 66
135 19 65
136 19 1
137 19 1
138 19 1
139 19 1
140 19 50
141 19 49
142 19 48
143 19 47
144 19 46
145 19 45
146 19 44
147 19 43
148 19 42
149 19 41
150 19 40
151 19 39
152 19 38
153 19 37
154 19 36
155 19 35
156 19 34
157 19 33
158 19 32
159 19 31
160 19 30
161 19 29
162 19 28
163 19 27
164 19 26
165 19 25
166 19 24
167 19 23
168 19 22
169 19 21
170 19 20
171 19 19
172 19 18
173 19 17
174 19 16
175 19 15
176 19 14
177 19 13
178 19 12
179 19 11
0 20 223
1 20 222
2 20 221
3 20 220
4 20 219
5 20 218
6 20 217
7 20 216
8 20 215
9 20 214
10 20 213
11 20 212
12 20 211
13 20 210
14 20 209
15 20 208
16 20 1
17 20 1
18 20 1
19 20 1
20 20 199
21 20 198
22 20 197
23 20 196
24 20 195
25 20 194
26 20 193
27 20 192
28 20 191
29 20 190
30 20 189
31 20 188
32 20 187
33 20 186
34 20 185
35 20 184
36 20 183
37 20 182
38 20 181
39 20 180
40 20 179
41 20 178
42 20 177
43 20 176
44 20 175
45 20 174
46 20 173
47 20 172
48 20 171
49 20 170
50 20 169
51 20 168
52 20 167
53 20 166
54 20 165
55 20 164
56 20 1
57 20 1
58 20 1
59 20 1
60 20 149
61 20 148
62 20 147
63 20 146
64 20 145
65 20 144
66 20 143
67 20 142
68 20 141
69 20 140
70 20 139
71 20 138
72 20 137
73 20 136
74 20 135
75 20 134
76 20 133
77 20 132
78 20 131
79 20 130
80 20 129
81 20 128
82 20 127
83 20 126
84 20 125
85 20 124
86 20 123
87 20 122
88 20 121
89 20 120
90 20 119
91 20 118
92 20 117
93 20 116
94 20 115
95 20 114
96 20 1
97 20 1
98 20 1
99 20 1
100 20 99
101 20 98
102 20 97
103 20 96
104 20 95
105 20 94
106 20 93
107 20 92
108 20 91
109 20 90
110 20 89
111 20 88
112 20 87
113 20 86
114 20 85
115 20 84
116 20 83
117 20 82
118 20 81
119 20 80
120 20 79
121 20 78
122 20 77
123 20 76
124 20 75
125 20 74
126 20 73
127 20 72
128 20 71
129 20 70
130 20 69
131 20 68
132 20 67
133 20 66
134 20 65
135 20 64
136 20 1
137 20 1
138 20 1
139 20 1
140 20 49
141 20 48
142 20 47
143 20 46
144 20 45
145 20 44
146 20 43
147 20 42
148 20 41
149 20 40
150 20 39
151 20 38
152 20 37
153 20 36
154 20 35
155 20 34
156 20 33
157 20 32
158 20 31
159 20 30
160 20 29
161 20 28
162 20 27
163 20 26
164 20 25
165 20 24
166 20 23
167 20 22
168 20 21
169 20 20
170 20 19
171 20 18
172 20 17
173 20 16
174 20 15
175 20 14
176 20 13
177 20 12
178 20 11
179 20 10
0 21 224
1 21 223
2 21 222
3 21 221
4 21 220
5 21 219
6 21 218
7 21 217
8 21 216
9 21 215
10 21 214
11 21 213
12 21 212
13 21 211
14 21 210
15 21 209
16 21 1
17 21 1
18 21 1
19 21 1
20 21 198
21 21 197
22 21 196
23 21 195
24 21 194
25 21 193
26 21 192
27 21 191
28 21 190
29 21 189
30 21 188
31 21 187
32 21 186
33 21 185
34 21 184
35 21 183
36 21 182
37 21 181
38 21 180
39 21 179
40 21 178
41 21 177
42 21 176
43 21 175
44 21 174
45 21 173
46 21 172
47 21 171
48 21 170
49 21 169
50 21 168
51 21 167
52 21 166
53 21 165
54 21 164
55 21 163
56 21 1
57 21 1
58 21 1
59 21 1
60 21 148
61 21 147
62 21 146
63 21 145
64 21 144
65 21 143
66 21 142
67 21 141
68 21 140
69 21 139
70 21 138
71 21 137
72 21 136
73 21 135
74 21 134
75 21 133
76 21 132
77 21 131
78 21 130
79 21 129
80 21 128
81 21 127
82 21 126
83 21 125
84 21 124
85 21 123
86 21 122
87 21 121
88 21 120
89 21 119
90 21 118
91 21 117
92 21 116
93 21 115
94 21 114
95 21 113
96 21 1
97 21 1
98 21 1
99 21 1
100 21 98
101 21 97
102 21 96
103 21 95
104 21 94
105 21 93
106 21 92
107 21 91
108 21 90
109 21 89
110 21 88
111 21 87
112 21 86
113 21 85
114 21 84
115 21 83
116 21 82
117 21 81
118 21 80
119 21 79
120 21 78
121 21 77
122 21 76
123 21 75
124 21 74
125 21 73
126 21 72
127 21 71
128 21 70
129 21 69
130 21 68
131 21 67
132 21 66
133 21 65
134 21 64
135 21 63
136 21 1
137 21 1
138 21 1
139 21 1
140 21 48
141 21 47
142 21 46
143 21 45
144 21 44
145 21 43
146 21 42
147 21 41
148 21 40
149 21 39
150 21 38
151 21 37
152 21 36
153 21 35
154 21 34
155 21 33
156 21 32
157 21 31
158 21 30
159 21 29
160 21 28
161 21 27
162 21 26
163 21 25
164 21 24
165 21 23
166 21 22
167 21 21
168 21 20
169 21 19
170 21 18
171 21 17
172 21 16
173 21 15
174 21 14
175 21 13
176 21 12
177 21 11
178 21 10
179 21 9
0 22 225
1 22 224
2 22 223
3 22 222
4 22 221
5 22 220
6 22 219
7 22 218
8 22 217
9 22 216
10 22 215
11 22 214
12 22 213
13 22 212
14 22 211
15 22 210
16 22 1
17 22 1
18 22 1
19 22 1
20 22 197
21 22 196
22 22 195
23 22 194
24 22 193
25 22 192
26 22 191
27 22 190
28 22 189
29 22 188
30 22 187
31 22 186
32 22 185
33 22 184
34 22 183
35 22 182
36 22 181
37 22 180
38 22 179
39 22 178
40 22 177
41 22 176
42 22 175
43 22 174
44 22 173
45 22 172
46 22 171
47 22 170
48 22 169
49 22 168
50 22 167
51 22 166
52 22 165
53 22 164
54 22 163
55 22 162
56 22 1
57 22 1
58 22 1
59 22 1
60 22 147
61 22 146
62 22 145
63 22 144
64 22 143
65 22 142
66 22 141
67 22 140
68 22 139
69 22 138
70 22 137
71 22 136
72 22 135
73 22 134
74 22 133
75 22 132
76 22 131
77 22 130
78 22 129
79 22 128
80 22 127
81 22 126
82 22 125
83 22 124
84 22 123
85 22 122
86 22 121
87 22 120
88 22 119
89 22 118
90 22 117
91 22 116
92 22 115
93 22 114
94 22 113
95 22 112
96 22 1
97 22 1
98 22 1
99 22 1
100 22 97
101 22 96
102 22 95
103 22 94
104 22 93
105 22 92
106 22 91
107 22 90
108 22 89
109 22 88
110 22 87
111 22 86
112 22 85
113 22 84
114 22 83
115 22 82
116 22 81
117 22 80
118 22 79
119 22 78
120 22 77
121 22 76
122 22 75
123 22 74
124 22 73
125 22 72
126 22 71
127 22 70
128 22 69
129 22 68
130 22 67
131 22 66
132 22 65
133 22 64
134 22 63
135 22 62
136 22 1
137 22 1
138 22 1
139 22 1
140 22 47
141 22 46
142 22 45
143 22 44
144 22 43
145 22 42
146 22 41
147 22 40
148 22 39
149 22 38
150 22 37
151 22 36
152 22 35
153 22 34
154 22 33
155 22 32
156 22 31
157 22 30
158 22 29
159 22 28
160 22 27
161 22 26
162 22 25
163 22 24
164 22 23
165 22 22
166 22 21
167 22 20
168 22 19
169 22 18
170 22 17
171 22 16
172 22 15
173 22 14
174 22 13
175 22 12
176 22 11
177 22 10
178 22 9
179 22 8
0 23 226
1 23 225
2 23 224
3 23 223
4 23 222
5 23 221
6 23 220
7 23 219
8 23 218
9 23 217
10 23 216
11 23 215
12 23 214
13 23 213
14 23 212
15 23 211
16 23 1
17 23 1
18 23 1
19 23 1
20 23 196
21 23 195
22 23 194
23 23 193
24 23 192
25 23 191
26 23 190
27 23 189
28 23 188
29 23 187
30 23 186
31 23 185
32 23 184
33 23 183
34 23 182
35 23 181
36 23 180
37 23 179
38 23 178
39 23 177
40 23 176
41 23 175
42 23 174
43 23 173
44 23 172
45 23 171
46 23 170
47 23 169
48 23 168
49 23 167
50 23 166
51 23 165
52 23 164
53 23 163
54 23 162
55 23 161
56 23 1
57 23 1
58 23 1
59 23 1
60 23 146
61 23 145
62 23 144
63 23 143
64 23 142
65 23 141
66 23 140
67 23 139
68 23 138
69 23 137
70 23 136
71 23 135
72 23 134
73 23 133
74 23 132
75 23 131
76 23 130
77 23 129
78 23 128
79 23 127
80 23 126
81 23 125
82 23 124
83 23 123
84 23 122
85 23 121
86 23 120
87 23 119
88 23 118
89 23 117
90 23 116
91 23 115
92 23 114
93 23 113
94 23 112
95 23 111
96 23 1
97 23 1
98 23 1
99 23 1
100 23 96
101 23 95
102 23 94
103 23 93
104 23 92
105 23 91
106 23 90
107 23 89
108 23 88
109 23 87
110 23 86
111 23 85
112 23 84
113 23 83
114 23 82
115 23 81
116 23 80
117 23 79
118 23 78
119 23 77
120 23 76
121 23 75
122 23 74
123 23 73
124 23 72
125 23 71
126 23 70
127 23 69
128 23 68
129 23 67
130 23 66
131 23 65
132 23 64
133 23 63
134 23 62
135 23 61
136 23 1
137 23 1
138 23 1
139 23 1
140 23 46
141 23 45
142 23 44
143 23 43
144 23 42
145 23 41
146 23 40
147 23 39
148 23 38
149 23 37
150 23 36
151 23 35
152 23 34
153 23 33
154 23 32
155 23 31
156 23 30
157 23 29
158 23 28
159 23 27
160 23 26
161 23 25
162 23 24
163 23 23
164 23 22
165 23 21
166 23 20
167 23 19
168 23 18
169 23 17
170 23 16
171 23 15
172 23 14
173 23 13
174 23 12
175 23 11
176 23 10
177 23 9
178 23 8
179 23 7
0 24 227
1 24 226
2 24 225
3 24 224
4 24 223
5 24 222
6 24 221
7 24 220
8 24 219
9 24 218
10 24 217
11 24 216
12 24 215
13 24 214
14 24 213
15 24 212
16 24 1
17 24 1
18 24 1
19 24 1
20 24 195
21 24 194
22 24 193
23 24 192
24 24 191
25 24 190
26 24 189
27 24 188
28 24 187
29 24 186
30 24 185
31 24 184
32 24 183
33 24 182
34 24 181
35 24 180
36 24 179
37 24 178
38 24 177
39 24 176
40 24 175
41 24 174
42 24 173
43 24 172
44 24 171
45 24 170
46 24 169
47 24 168
48 24 167
49 24 166
50 24 165
51 24 164
52 24 163
53 24 162
54 24 161
55 24 160
56 24 1
57 24 1
58 24 1
59 24 1
60 24 145
61 24 144
62 24 143
63 24 142
64 24 141
65 24 140
66 24 139
67 24 138
68 24 137
69 24 136
70 24 135
71 24 134
72 24 133
73 24 132
74 24 131
75 24 130
76 24 129
77 24 128
78 24 127
79 24 126
80 24 125
81 24 124
82 24 123
83 24 122
84 24 121
85 24 120
86 24 119
87 24 118
88 24 117
89 24 116
90 24 115
91 24 114
92 24 113
93 24 112
94 24 111
95 24 110
96 24 1
97 24 1
98 24 1
99 24 1
100 24 95
101 24 94
102 24 93
103 24 92
104 24 91
105 24 90
106 24 89
107 24 88
108 24 87
109 24 86
110 24 85
111 24 84
112 24 83
113 24 82
114 24 81
115 24 80
116 24 79
117 24 78
118 24 77
119 24 76
120 24 75
121 24 74
122 24 73
123 24 72
124 24 71
125 24 70
126 24 69
127 24 68
128 24 67
129 24 66
130 24 65
131 24 64
132 24 63
133 24 62
134 24 61
135 24 60
136 24 1
137 24 1
138 24 1
139 24 1
140 24 45
141 24 44
142 24 43
143 24 42
144 24 41
145 24 40
146 24 39
147 24 38
148 24 37
149 24 36
150 24 35
151 24 34
152 24 33
153 24 32
154 24 31
155 24 30
156 24 29
157 24 28
158 24 27
159 24 26
160 24 25
161 24 24
162 24 23
163 24 22
164 24 21
165 24 20
166 24 19
167 24 18
168 24 17
169 24 16
170 24 15
171 24 14
172 24 13
173 24 12
174 24 11
175 24 10
176 24 9
177 24 8
178 24 7
179 24 6
0 25 228
1 25 227
2 25 226
3 25 225
4 25 224
5 25 223
6 25 222
7 25 221
8 25 220
9 25 219
10 25 218
11 25 217
12 25 216
13 25 215
14 25 214
15 25 213
16 25 1
17 25 1
18 25 1
19 25 1
20 25 194
21 25 193
22 25 192
23 25 191
24 25 190
25 25 189
26 25 188
27 25 187
28 25 186
29 25 185
30 25 184
31 25 183
32 25 182
33 25 181
34 25 180
35 25 179
36 25 178
37 25 177
38 25 176
39 25 175
40 25 174
41 25 173
42 25 172
43 25 171
44 25 170
45 25 169
46 25 168
47 25 167
48 25 166
49 25 165
50 25 164
51 25 163
52 25 162
53 25 161
54 25 160
55 25 159
56 25 1
57 25 1
58 25 1
59 25 1
60 25 144
61 25 143
62 25 142
63 25 141
64 25 140
65 25 139
66 25 138
67 25 137
68 25 136
69 25 135
70 25 134
71 25 133
72 25 132
73 25 131
74 25 130
75 25 129
76 25 128
77 25 127
78 25 126
79 25 125
80 25 124
81 25 123
82 25 122
83 25 121
84 25 120
85 25 119
86 25 118
87 25 117
88 25 116
89 25 115
90 25 114
91 25 113
92 25 112
93 25 111
94 25 110
95 25 109
96 25 1
97 25 1
98 25 1
99 25 1
100 25 94
101 25 93
102 25 92
103 25 91
104 25 90
105 25 89
106 25 88
107 25 87
108 25 86
109 25 85
110 25 84
111 25 83
112 25 82
113 25 81
114 25 80
115 25 79
116 25 78
117 25 77
118 25 76
119 25 75
120 25 74
121 25 73
122 25 72
123 25 71
124 25 70
125 25 69
126 25 68
127 25 67
128 25 66
129 25 65
130 25 64
131 25 63
132 25 62
133 25 61
134 25 60
135 25 59
136 25 1
137 25 1
138 25 1
139 25 1
140 25 44
141 25 43
142 25 42
143 25 41
144 25 40
145 25 39
146 25 38
147 25 37
148 25 36
149 25 35
150 25 34
151 25 33
152 25 32
153 25 31
154 25 30
155 25 29
156 25 28
157 25 27
158 25 26
159 25 25
160 25 24
161 25 23
162 25 22
163 25 21
164 25 20
165 25 19
166 25 18
167 25 17
168 25 16
169 25 15
170 25 14
171 25 13
172 25 12
173 25 11
174 25 10
175 25 9
176 25 8
177 25 7
178 25 6
179 25 5
0 26 229
1 26 228
2 26 227
3 26 226
4 26 225
5 26 224
6 26 223
7 26 222
8 26 221
9 26 220
10 26 219
11 26 218
12 26 217
13 26 216
14 26 215
15 26 214
16 26 1
17 26 1
18 26 1
19 26 1
20 26 193
21 26 192
22 26 191
23 26 190
24 26 189
25 26 188
26 26 187
27 26 186
28 26 185
29 26 184
30 26 183
31 26 182
32 26 181
33 26 180
34 26 179
35 26 178
36 26 177
37 26 176
38 26 175
39 26 174
40 26 173
41 26 172
42 26 171
43 26 170
44 26 169
45 26 168
46 26 167
47 26 166
48 26 165
49 26 164
50 26 163
51 26 162
52 26 161
53 26 160
54 26 159
55 26 158
56 26 1
57 26 1
58 26 1
59 26 1
60 26 143
61 26 142
62 26 141
63 26 140
64 26 139
65 26 138
66 26 137
67 26 136
68 26 135
69 26 134
70 26 133
71 26 132
72 26 131
73 26 130
74 26 129
75 26 128
76 26 127
77 26 126
78 26 125
79 26 124
80 26 123
81 26 122
82 26 121
83 26 120
84 26 119
85 26 118
86 26 117
87 26 116
88 26 115
89 26 114
90 26 113
91 26 112
92 26 111
93 26 110
94 26 109
95 26 108
96 26 1
97 26 1
98 26 1
99 26 1
100 26 93
101 26 92
102 26 91
103 26 90
104 26 89
105 26 88
106 26 87
107 26 86
108 26 85
109 26 84
110 26 83
111 26 82
112 26 81
113 26 80
114 26 79
115 26 78
116 26 77
117 26 76
118 26 75
119 26 74
120 26 73
121 26 72
122 26 71
123 26 70
124 26 69
125 26 68
126 26 67
127 26 66
128 26 65
129 26 64
130 26 63
131 26 62
132 26 61
133 26 60
134 26 59
135 26 58
136 26 1
137 26 1
138 26 1
139 26 1
140 26 43
141 26 42
142 26 41
143 26 40
144 26 39
145 26 38
146 26 37
147 26 36
148 26 35
149 26 34
150 26 33
151 26 32
152 26 31
153 26 30
154 26 29
155 26 28
156 26 27
157 26 26
158 26 25
159 26 24
160 26 23
161 26 22
162 26 21
163 26 20
164 26 19
165 26 18
166 26 17
167 26 16
168 26 15
169 26 14
170 26 13
171 26 12
172 26 11
173 26 10
174 26 9
175 26 8
176 26 7
177 26 6
178 26 5
179 26 4
0 27 230
1 27 229
2 27 228
3 27 227
4 27 226
5 27 225
6 27 224
7 27 223
8 27 222
9 27 221
10 27 220
11 27 219
12 27 218
13 27 217
14 27 216
15 27 215
16 27 1
17 27 1
18 27 1
19 27 1
20 27 192
21 27 191
22 27 190
23 27 189
24 27 188
25 27 187
26 27 186
27 27 185
28 27 184
29 27 183
30 27 182
31 27 181
32 27 180
33 27 179
34 27 178
35 27 177
36 27 176
37 27 175
38 27 174
39 27 173
40 27 172
41 27 171
42 27 170
43 27 169
44 27 168
45 27 167
46 27 166
47 27 165
48 27 164
49 27 163
50 27 162
51 27 161
52 27 160
53 27 159
54 27 158
55 27 157
56 27 1
57 27 1
58 27 1
59 27 1
60 27 142
61 27 141
62 27 140
63 27 139
64 27 138
65 27 137
66 27 136
67 27 135
68 27 134
69 27 133
70 27 132
71 27 131
72 27 130
73 27 129
74 27 128
75 27 127
76 27 126
77 27 125
78 27 124
79 27 123
80 27 122
81 27 121
82 27 120
83 27 119
84 27 118
85 27 117
86 27 116
87 27 115
88 27 114
89 27 113
90 27 112
91 27 111
92 27 110
93 27 109
94 27 108
95 27 107
96 27 1
97 27 1
98 27 1
99 27 1
100 27 92
101 27 91
102 27 90
103 27 89
104 27 88
105 27 87
106 27 86
107 27 85
108 27 84
109 27 83
110 27 82
111 27 81
112 27 80
113 27 79
114 27 78
115 27 77
116 27 76
117 27 75
118 27 74
119 27 73
120 27 72
121 27 71
122 27 70
123 27 69
124 27 68
125 27 67
126 27 66
127 27 65
128 27 64
129 27 63
130 27 62
131 27 61
132 27 60
133 27 59
134 27 58
135 27 57
136 27 1
137 27 1
138 27 1
139 27 1
140 27 42
141 27 41
142 27 40
143 27 39
144 27 38
145 27 37
146 27 36
147 27 35
148 27 34
149 27 33
150 27 32
151 27 31
152 27 30
153 27 29
154 27 28
155 27 27
156 27 26
157 27 25
158 27 24
159 27 23
160 27 22
161 27 21
162 27 20
163 27 19
164 27 18
165 27 17
166 27 16
167 27 15
168 27 14
169 27 13
170 27 12
171 27 11
172 27 10
173 27 9
174 27 8
175 27 7
176 27 6
177 27 5
178 27 4
179 27 3
0 28 229
1 28 228
2 28 227
3 28 226
4 28 225
5 28 224
6 28 223
7 28 222
8 28 221
9 28 220
10 28 219
11 28 218
12 28 217
13 28 216
14 28 215
15 28 214
16 28 1
17 28 1
18 28 1
19 28 1
20 28 191
21 28 190
22 28 189
23 28 188
24 28 187
25 28 186
26 28 185
27 28 184
28 28 183
29 28 182
30 28 181
31 28 180
32 28 179
33 28 178
34 28 177
35 28 176
36 28 175
37 28 174
38 28 173
39 28 172
40 28 171
41 28 170
42 28 169
43 28 168
44 28 167
45 28 166
46 28 165
47 28 164
48 28 163
49 28 162
50 28 161
51 28 160
52 28 159
53 28 158
54 28 157
55 28 156
56 28 1
57 28 1
58 28 1
59 28 1
60 28 143
61 28 142
62 28 141
63 28 140
64 28 139
65 28 138
66 28 137
67 28 136
68 28 135
69 28 134
70 28 133
71 28 132
72 28 131
73 28 130
74 28 129
75 28 128
76 28 1
77 28 1
78 28 1
79 28 1
80 28 121
81 28 120
82 28 119
83 28 118
84 28 117
85 28 116
86 28 115
87 28 114
88 28 113
89 28 112
90 28 111
91 28 110
92 28 109
93 28 108
94 28 107
95 28 106
96 28 1
97 28 1
98 28 1
99 28 1
100 28 93
101 28 92
102 28 91
103 28 90
104 28 89
105 28 88
106 28 87
107 28 86
108 28 85
109 28 84
110 28 83
111 28 82
112 28 81
113 28 80
114 28 79
115 28 78
116 28 1
117 28 1
118 28 1
119 28 1
120 28 71
121 28 70
122 28 69
123 28 68
124 28 67
125 28 66
126 28 65
127 28 64
128 28 63
129 28 62
130 28 61
131 28 60
132 28 59
133 28 58
134 28 57
135 28 56
136 28 1
137 28 1
138 28 1
139 28 1
140 28 43
141 28 42
142 28 41
143 28 40
144 28 39
145 28 38
146 28 37
147 28 36
148 28 35
149 28 34
150 28 33
151 28 32
152 28 31
153 28 30
154 28 29
155 28 28
156 28 1
157 28 1
158 28 1
159 28 1
160 28 21
161 28 20
162 28 19
163 28 18
164 28 17
165 28 16
166 28 15
167 28 14
168 28 13
169 28 12
170 28 11
171 28 10
172 28 9
173 28 8
174 28 7
175 28 6
176 28 5
177 28 4
178 28 3
179 28 2
0 29 228
1 29 227
2 29 226
3 29 225
4 29 224
5 29 223
6 29 222
7 29 221
8 29 220
9 29 219
10 29 218
11 29 217
12 29 216
13 29 215
14 29 214
15 29 213
16 29 1
17 29 1
18 29 1
19 29 1
20 29 190
21 29 189
22 29 188
23 29 187
24 29 186
25 29 185
26 29 184
27 29 183
28 29 182
29 29 181
30 29 180
31 29 179
32 29 178
33 29 177
34 29 176
35 29 175
36 29 174
37 29 173
38 29 172
39 29 171
40 29 170
41 29 169
42 29 168
43 29 167
44 29 166
45 29 165
46 29 164
47 29 163
48 29 162
49 29 161
50 29 160
51 29 159
52 29 158
53 29 157
54 29 156
55 29 155
56 29 1
57 29 1
58 29 1
59 29 1
60 29 144
61 29 143
62 29 142
63 29 141
64 29 140
65 29 139
66 29 138
67 29 137
68 29 136
69 29 135
70 29 134
71 29 133
72 29 132
73 29 131
74 29 130
75 29 129
76 29 1
77 29 1
78 29 1
79 29 1
80 29 120
81 29 119
82 29 118
83 29 117
84 29 116
85 29 115
86 29 114
87 29 113
88 29 112
89 29 111
90 29 110
91 29 109
92 29 108
93 29 107
94 29 106
95 29 105
96 29 1
97 29 1
98 29 1
99 29 1
100 29 94
101 29 93
102 29 92
103 29 91
104 29 90
105 29 89
106 29 88
107 29 87
108 29 86
109 29 85
110 29 84
111 29 83
112 29 82
113 29 81
114 29 80
115 29 79
116 29 1
117 29 1
118 29 1
119 29 1
120 29 70
121 29 69
122 29 68
123 29 67
124 29 66
125 29 65
126 29 64
127 29 63
128 29 62
129 29 61
130 29 60
131 29 59
132 29 58
133 29 57
134 29 56
135 29 55
136 29 1
137 29 1
138 29 1
139 29 1
140 29 44
141 29 43
142 29 42
143 29 41
144 29 40
145 29 39
146 29 38
147 29 37
148 29 36
149 29 35
150 29 34
151 29 33
152 29 32
153 29 31
154 29 30
155 29 29
156 29 1
157 29 1
158 29 1
159 29 1
160 29 22
161 29 21
162 29 20
163 29 19
164 29 18
165 29 17
166 29 16
167 29 15
168 29 14
169 29 13
170 29 12
171 29 11
172 29 10
173 29 9
174 29 8
175 29 7
176 29 6
177 29 5
178 29 4
179 29 3
0 30 227
1 30 226
2 30 225
3 30 224
4 30 223
5 30 222
6 30 221
7 30 220
8 30 219
9 30 218
10 30 217
11 30 216
12 30 215
13 30 214
14 30 213
15 30 212
16 30 1
17 30 1
18 30 1
19 30 1
20 30 189
21 30 188
22 30 187
23 30 186
24 30 185
25 30 184
26 30 183
27 30 182
28 30 181
29 30 180
30 30 179
31 30 178
32 30 177
33 30 176
34 30 175
35 30 174
36 30 173
37 30 172
38 30 171
39 30 170
40 30 169
41 30 168
42 30 167
43 30 166
44 30 165
45 30 164
46 30 163
47 30 162
48 30 161
49 30 160
50 30 159
51 30 158
52 30 157
53 30 156
54 30 155
55 30 154
56 30 1
57 30 1
58 30 1
59 30 1
60 30 145
61 30 144
62 30 143
63 30 142
64 30 141
65 30 140
66 30 139
67 30 138
68 30 137
69 30 136
70 30 135
71 30 134
72 30 133
73 30 132
74 30 131
75 30 130
76 30 1
77 30 1
78 30 1
79 30 1
80 30 119
81 30 118
82 30 117
83 30 116
84 30 115
85 30 114
86 30 113
87 30 112
88 30 111
89 30 110
90 30 109
91 30 108
92 30 107
93 30 106
94 30 105
95 30 104
96 30 1
97 30 1
98 30 1
99 30 1
100 30 95
101 30 94
102 30 93
103 30 92
104 30 91
105 30 90
106 30 89
107 30 88
108 30 87
109 30 86
110 30 85
111 30 84
112 30 83
113 30 82
114 30 81
115 30 80
116 30 1
117 30 1
118 30 1
119 30 1
120 30 69
121 30 68
122 30 67
123 30 66
124 30 65
125 30 64
126 30 63
127 30 62
128 30 61
129 30 60
130 30 59
131 30 58
132 30 57
133 30 56
134 30 55
135 30 54
136 30 1
137 30 1
138 30 1
139 30 1
140 30 45
141 30 44
142 30 43
143 30 42
144 30 41
145 30 40
146 30 39
147 30 38
148 30 37
149 30 36
150 30 35
151 30 34
152 30 33
153 30 32
154 30 31
155 30 30
156 30 1
157 30 1
158 30 1
159 30 1
160 30 23
161 30 22
162 30 21
163 30 20
164 30 19
165 30 18
166 30 17
167 30 16
168 30 15
169 30 14
170 30 13
171 30 12
172 30 11
173 30 10
174 30 9
175 30 8
176 30 7
177 30 6
178 30 5
179 30 4
0 31 226
1 31 225
2 31 224
3 31 223
4 31 222
5 31 221
6 31 220
7 31 219
8 31 218
9 31 217
10 31 216
11 31 215
12 31 214
13 31 213
14 31 212
15 31 211
16 31 1
17 31 1
18 31 1
19 31 1
20 31 188
21 31 187
22 31 186
23 31 185
24 31 184
25 31 183
26 31 182
27 31 181
28 31 180
29 31 179
30 31 178
31 31 177
32 31 176
33 31 175
34 31 174
35 31 173
36 31 172
37 31 171
38 31 170
39 31 169
40 31 168
41 31 167
42 31 166
43 31 165
44 31 164
45 31 163
46 31 162
47 31 161
48 31 160
49 31 159
50 31 158
51 31 157
52 31 156
53 31 155
54 31 154
55 31 153
56 31 1
57 31 1
58 31 1
59 31 1
60 31 146
61 31 145
62 31 144
63 31 143
64 31 142
65 31 141
66 31 140
67 31 139
68 31 138
69 31 137
70 31 136
71 31 135
72 31 134
73 31 133
74 31 132
75 31 131
76 31 1
77 31 1
78 31 1
79 31 1
80 31 118
81 31 117
82 31 116
83 31 115
84 31 114
85 31 113
86 31 112
87 31 111
88 31 110
89 31 109
90 31 108
91 31 107
92 31 106
93 31 105
94 31 104
95 31 103
96 31 1
97 31 1
98 31 1
99 31 1
100 31 96
101 31 95
102 31 94
103 31 93
104 31 92
105 31 91
106 31 90
107 31 89
108 31 88
109 31 87
110 31 86
111 31 85
112 31 84
113 31 83
114 31 82
115 31 81
116 31 1
117 31 1
118 31 1
119 31 1
120 31 68
121 31 67
122 31 66
123 31 65
124 31 64
125 31 63
126 31 62
127 31 61
128 31 60
129 31 59
130 31 58
131 31 57
132 31 56
133 31 55
134 31 54
135 31 53
136 31 1
137 31 1
138 31 1
139 31 1
140 31 46
141 31 45
142 31 44
143 31 43
144 31 42
145 31 41
146 31 40
147 31 39
148 31 38
149 31 37
150 31 36
151 31 35
152 31 34
153 31 33
154 31 32
155 31 31
156 31 1
157 31 1
158 31 1
159 31 1
160 31 24
161 31 23
162 31 22
163 31 21
164 31 20
165 31 19
166 31 18
167 31 17
168 31 16
169 31 15
170 31 14
171 31 13
172 31 12
173 31 11
174 31 10
175 31 9
176 31 8
177 31 7
178 31 6
179 31 5
0 32 225
1 32 224
2 32 223
3 32 222
4 32 221
5 32 220
6 32 219
7 32 218
8 32 217
9 32 216
10 32 215
11 32 214
12 32 213
13 32 212
14 32 211
15 32 210
16 32 1
17 32 1
18 32 1
19 32 1
20 32 187
21 32 186
22 32 185
23 32 184
24 32 183
25 32 182
26 32 181
27 32 180
28 32 179
29 32 178
30 32 177
31 32 176
32 32 175
33 32 174
34 32 173
35 32 172
36 32 171
37 32 170
38 32 169
39 32 168
40 32 167
41 32 166
42 32 165
43 32 164
44 32 163
45 32 162
46 32 161
47 32 160
48 32 159
49 32 158
50 32 157
51 32 156
52 32 155
53 32 154
54 32 153
55 32 152
56 32 151
57 32 150
58 32 149
59 32 148
60 32 147
61 32 146
62 32 145
63 32 144
64 32 143
65 32 142
66 32 141
67 32 140
68 32 139
69 32 138
70 32 137
71 32 136
72 32 135
73 32 134
74 32 133
75 32 132
76 32 1
77 32 1
78 32 1
79 32 1
80 32 117
81 32 116
82 32 115
83 32 114
84 32 113
85 32 112
86 32 111
87 32 110
88 32 109
89 32 108
90 32 107
91 32 106
92 32 105
93 32 104
94 32 103
95 32 102
96 32 101
97 32 100
98 32 99
99 32 98
100 32 97
101 32 96
102 32 95
103 32 94
104 32 93
105 32 92
106 32 91
107 32 90
108 32 89
109 32 88
110 32 87
111 32 86
112 32 85
113 32 84
114 32 83
115 32 82
116 32 1
117 32 1
118 32 1
119 32 1
120 32 67
121 32 66
122 32 65
123 32 64
124 32 63
125 32 62
126 32 61
127 32 60
128 32 59
129 32 58
130 32 57
131 32 56
132 32 55
133 32 54
134 32 53
135 32 52
136 32 51
137 32 50
138 32 49
139 32 48
140 32 47
141 32 46
142 32 45
143 32 44
144 32 43
145 32 42
146 32 41
147 32 40
148 32 39
149 32 38
150 32 37
151 32 36
152 32 35
153 32 34
154 32 33
155 32 32
156 32 1
157 32 1
158 32 1
159 32 1
160 32 25
161 32 24
162 32 23
163 32 22
164 32 21
165 32 20
166 32 19
167 32 18
168 32 17
169 32 16
170 32 15
171 32 14
172 32 13
173 32 12
174 32 11
175 32 10
176 32 9
177 32 8
178 32 7
179 32 6
0 33 224
1 33 223
2 33 222
3 33 221
4 33 220
5 33 219
6 33 218
7 33 217
8 33 216
9 33 215
10 33 214
11 33 213
12 33 212
13 33 211
14 33 210
15 33 209
16 33 1
17 33 1
18 33 1
19 33 1
20 33 188
21 33 187
22 33 186
23 33 185
24 33 184
25 33 183
26 33 182
27 33 181
28 33 180
29 33 179
30 33 178
31 33 177
32 33 176
33 33 175
34 33 174
35 33 173
36 33 172
37 33 171
38 33 170
39 33 169
40 33 168
41 33 167
42 33 166
43 33 165
44 33 164
45 33 163
46 33 162
47 33 161
48 33 160
49 33 159
50 33 158
51 33 157
52 33 156
53 33 155
54 33 154
55 33 153
56 33 152
57 33 151
58 33 150
59 33 149
60 33 148
61 33 147
62 33 146
63 33 145
64 33 144
65 33 143
66 33 142
67 33 141
68 33 140
69 33 139
70 33 138
71 33 137
72 33 136
73 33 135
74 33 134
75 33 133
76 33 1
77 33 1
78 33 1
79 33 1
80 33 118
81 33 117
82 33 116
83 33 115
84 33 114
85 33 113
86 33 112
87 33 111
88 33 110
89 33 109
90 33 108
91 33 107
92 33 106
93 33 105
94 33 104
95 33 103
96 33 102
97 33 101
98 33 100
99 33 99
100 33 98
101 33 97
102 33 96
103 33 95
104 33 94
105 33 93
106 33 92
107 33 91
108 33 90
109 33 89
110 33 88
111 33 87
112 33 86
113 33 85
114 33 84
115 33 83
116 33 1
117 33 1
118 33 1
119 33 1
120 33 68
121 33 67
122 33 66
123 33 65
124 33 64
125 33 63
126 33 62
127 33 61
128 33 60
129 33 59
130 33 58
131 33 57
132 33 56
133 33 55
134 33 54
135 33 53
136 33 52
137 33 51
138 33 50
139 33 49
140 33 48
141 33 47
142 33 46
143 33 45
144 33 44
145 33 43
146 33 42
147 33 41
148 33 40
149 33 39
150 33 38
151 33 37
152 33 36
153 33 35
154 33 34
155 33 33
156 33 1
157 33 1
158 33 1
159 33 1
160 33 26
161 33 25
162 33 24
163 33 23
164 33 22
165 33 21
166 33 20
167 33 19
168 33 18
169 33 17
170 33 16
171 33 15
172 33 14
173 33 13
174 33 12
175 33 11
176 33 10
177 33 9
178 33 8
179 33 7
0 34 223
1 34 222
2 34 221
3 34 220
4 34 219
5 34 218
6 34 217
7 34 216
8 34 215
9 34 214
10 34 213
11 34 212
12 34 211
13 34 210
14 34 209
15 34 208
16 34 1
17 34 1
18 34 1
19 34 1
20 34 189
21 34 188
22 34 187
23 34 186
24 34 185
25 34 184
26 34 183
27 34 182
28 34 181
29 34 180
30 34 179
31 34 178
32 34 177
33 34 176
34 34 175
35 34 174
36 34 173
37 34 172
38 34 171
39 34 170
40 34 169
41 34 168
42 34 167
43 34 166
44 34 165
45 34 164
46 34 163
47 34 162
48 34 161
49 34 160
50 34 159
51 34 158
52 34 157
53 34 156
54 34 155
55 34 154
56 34 153
57 34 152
58 34 151
59 34 150
60 34 149
61 34 148
62 34 147
63 34 146
64 34 145
65 34 144
66 34 143
67 34 142
68 34 141
69 34 140
70 34 139
71 34 138
72 34 137
73 34 136
74 34 135
75 34 134
76 34 1
77 34 1
78 34 1
79 34 1
80 34 119
81 34 118
82 34 117
83 34 116
84 34 115
85 34 114
86 34 113
87 34 112
88 34 111
89 34 110
90 34 109
91 34 108
92 34 107
93 34 106
94 34 105
95 34 104
96 34 103
97 34 102
98 34 101
99 34 100
100 34 99
101 34 98
102 34 97
103 34 96
104 34 95
105 34 94
106 34 93
107 34 92
108 34 91
109 34 90
110 34 89
111 34 88
112 34 87
113 34 86
114 34 85
115 34 84
116 34 1
117 34 1
118 34 1
119 34 1
120 34 69
121 34 68
122 34 67
123 34 66
124 34 65
125 34 64
126 34 63
127 34 62
128 34 61
129 34 60
130 34 59
131 34 58
132 34 57
133 34 56
134 34 55
135 34 54
136 34 53
137 34 52
138 34 51
139 34 50
140 34 49
141 34 48
142 34 47
143 34 46
144 34 45
145 34 44
146 34 43
147 34 42
148 34 41
149 34 40
150 34 39
151 34 38
152 34 37
153 34 36
154 34 35
155 34 34
156 34 1
157 34 1
158 34 1
159 34 1
160 34 27
161 34 26
162 34 25
163 34 24
164 34 23
165 34 22
166 34 21
167 34 20
168 34 19
169 34 18
170 34 17
171 34 16
172 34 15
173 34 14
174 34 13
175 34 12
176 34 11
177 34 10
178 34 9
179 34 8
0 35 222
1 35 221
2 35 220
3 35 219
4 35 218
5 35 217
6 35 216
7 35 215
8 35 214
9 35 213
10 35 212
11 35 211
12 35 210
13 35 209
14 35 208
15 35 207
16 35 1
17 35 1
18 35 1
19 35 1
20 35 190
21 35 189
22 35 188
23 35 187
24 35 186
25 35 185
26 35 184
27 35 183
28 35 182
29 35 181
30 35 180
31 35 179
32 35 178
33 35 177
34 35 176
35 35 175
36 35 174
37 35 173
38 35 172
39 35 171
40 35 170
41 35 169
42 35 168
43 35 167
44 35 166
45 35 165
46 35 164
47 35 163
48 35 162
49 35 161
50 35 160
51 35 159
52 35 158
53 35 157
54 35 156
55 35 155
56 35 154
57 35 153
58 35 152
59 35 151
60 35 150
61 35 149
62 35 148
63 35 147
64 35 146
65 35 145
66 35 144
67 35 143
68 35 142
69 35 141
70 35 140
71 35 139
72 35 138
73 35 137
74 35 136
75 35 135
76 35 1
77 35 1
78 35 1
79 35 1
80 35 120
81 35 119
82 35 118
83 35 117
84 35 116
85 35 115
86 35 114
87 35 113
88 35 112
89 35 111
90 35 110
91 35 109
92 35 108
93 35 107
94 35 106
95 35 105
96 35 104
97 35 103
98 35 102
99 35 101
100 35 100
101 35 99
102 35 98
103 35 97
104 35 96
105 35 95
106 35 94
107 35 93
108 35 92
109 35 91
110 35 90
111 35 89
112 35 88
113 35 87
114 35 86
115 35 85
116 35 1
117 35 1
118 35 1
119 35 1
120 35 70
121 35 69
122 35 68
123 35 67
124 35 66
125 35 65
126 35 64
127 35 63
128 35 62
129 35 61
130 35 60
131 35 59
132 35 58
133 35 57
134 35 56
135 35 55
136 35 54
137 35 53
138 35 52
139 35 51
140 35 50
141 35 49
142 35 48
143 35 47
144 35 46
145 35 45
146 35 44
147 35 43
148 35 42
149 35 41
150 35 40
151 35 39
152 35 38
153 35 37
154 35 36
155 35 35
156 35 1
157 35 1
158 35 1
159 35 1
160 35 28
161 35 27
162 35 26
163 35 25
164 35 24
165 35 23
166 35 22
167 35 21
168 35 20
169 35 19
170 35 18
171 35 17
172 35 16
173 35 15
174 35 14
175 35 13
176 35 12
177 35 11
178 35 10
179 35 9
0 36 221
1 36 220
2 36 219
3 36 218
4 36 217
5 36 216
6 36 215
7 36 214
8 36 213
9 36 212
10 36 211
11 36 210
12 36 209
13 36 208
14 36 207
15 36 206
16 36 1
17 36 1
18 36 1
19 36 1
20 36 191
21 36 190
22 36 189
23 36 188
24 36 187
25 36 186
26 36 185
27 36 184
28 36 183
29 36 182
30 36 181
31 36 180
32 36 179
33 36 178
34 36 177
35 36 176
36 36 175
37 36 174
38 36 173
39 36 172
40 36 171
41 36 170
42 36 169
43 36 168
44 36 167
45 36 166
46 36 165
47 36 164
48 36 163
49 36 162
50 36 161
51 36 160
52 36 159
53 36 158
54 36 157
55 36 156
56 36 155
57 36 154
58 36 153
59 36 152
60 36 151
61 36 150
62 36 149
63 36 148
64 36 147
65 36 146
66 36 145
67 36 144
68 36 143
69 36 142
70 36 141
71 36 140
72 36 139
73 36 138
74 36 137
75 36 136
76 36 1
77 36 1
78 36 1
79 36 1
80 36 121
81 36 120
82 36 119
83 36 118
84 36 117
85 36 116
86 36 115
87 36 114
88 36 113
89 36 112
90 36 111
91 36 110
92 36 109
93 36 108
94 36 107
95 36 106
96 36 105
97 36 104
98 36 103
99 36 102
100 36 101
101 36 100
102 36 99
103 36 98
104 36 97
105 36 96
106 36 95
107 36 94
108 36 93
109 36 92
110 36 91
111 36 90
112 36 89
113 36 88
114 36 87
115 36 86
116 36 1
117 36 1
118 36 1
119 36 1
120 36 71
121 36 70
122 36 69
123 36 68
124 36 67
125 36 66
126 36 65
127 36 64
128 36 63
129 36 62
130 36 61
131 36 60
132 36 59
133 36 58
134 36 57
135 36 56
136 36 55
137 36 54
138 36 53
139 36 52
140 36 51
141 36 50
142 36 49
143 36 48
144 36 47
145 36 46
146 36 45
147 36 44
148 36 43
149 36 42
150 36 41
151 36 40
152 36 39
153 36 38
154 36 37
155 36 36
156 36 1
157 36 1
158 36 1
159 36 1
160 36 29
161 36 28
162 36 27
163 36 26
164 36 25
165 36 24
166 36 23
167 36 22
168 36 21
169 36 20
170 36 19
171 36 18
172 36 17
173 36 16
174 36 15
175 36 14
176 36 13
177 36 12
178 36 11
179 36 10
0 37 220
1 37 219
2 37 218
3 37 217
4 37 216
5 37 215
6 37 214
7 37 213
8 37 212
9 37 211
10 37 210
11 37 209
12 37 208
13 37 207
14 37 206
15 37 205
16 37 1
17 37 1
18 37 1
19 37 1
20 37 192
21 37 191
22 37 190
23 37 189
24 37 188
25 37 187
26 37 186
27 37 185
28 37 184
29 37 183
30 37 182
31 37 181
32 37 180
33 37 179
34 37 178
35 37 177
36 37 176
37 37 175
38 37 174
39 37 173
40 37 172
41 37 171
42 37 170
43 37 169
44 37 168
45 37 167
46 37 166
47 37 165
48 37 164
49 37 163
50 37 162
51 37 161
52 37 160
53 37 159
54 37 158
55 37 157
56 37 156
57 37 155
58 37 154
59 37 153
60 37 152
61 37 151
62 37 150
63 37 149
64 37 148
65 37 147
66 37 146
67 37 145
68 37 144
69 37 143
70 37 142
71 37 141
72 37 140
73 37 139
74 37 138
75 37 137
76 37 1
77 37 1
78 37 1
79 37 1
80 37 122
81 37 121
82 37 120
83 37 119
84 37 118
85 37 117
86 37 116
87 37 115
88 37 114
89 37 113
90 37 112
91 37 111
92 37 110
93 37 109
94 37 108
95 37 107
96 37 106
97 37 105
98 37 104
99 37 103
100 37 102
101 37 101
102 37 100
103 37 99
104 37 98
105 37 97
106 37 96
107 37 95
108 37 94
109 37 93
110 37 92
111 37 91
112 37 90
113 37 89
114 37 88
115 37 87
116 37 1
117 37 1
118 37 1
119 37 1
120 37 72
121 37 71
122 37 70
123 37 69
124 37 68
125 37 67
126 37 66
127 37 65
128 37 64
129 37 63
130 37 62
131 37 61
132 37 60
133 37 59
134 37 58
135 37 57
136 37 56
137 37 55
138 37 54
139 37 53
140 37 52
141 37 51
142 37 50
143 37 49
144 37 48
145 37 47
146 37 46
147 37 45
148 37 44
149 37 43
150 37 42
151 37 41
152 37 40
153 37 39
154 37 38
155 37 37
156 37 1
157 37 1
158 37 1
159 37 1
160 37 30
161 37 29
162 37 28
163 37 27
164 37 26
165 37 25
166 37 24
167 37 23
168 37 22
169 37 21
170 37 20
171 37 19
172 37 18
173 37 17
174 37 16
175 37 15
176 37 14
177 37 13
178 37 12
179 37 11
0 38 219
1 38 218
2 38 217
3 38 216
4 38 215
5 38 214
6 38 213
7 38 212
8 38 211
9 38 210
10 38 209
11 38 208
12 38 207
13 38 206
14 38 205
15 38 204
16 38 1
17 38 1
18 38 1
19 38 1
20 38 193
21 38 192
22 38 191
23 38 190
24 38 189
25 38 188
26 38 187
27 38 186
28 38 185
29 38 184
30 38 183
31 38 182
32 38 181
33 38 180
34 38 179
35 38 178
36 38 177
37 38 176
38 38 175
39 38 174
40 38 173
41 38 172
42 38 171
43 38 170
44 38 169
45 38 168
46 38 167
47 38 166
48 38 165
49 38 164
50 38 163
51 38 162
52 38 161
53 38 160
54 38 159
55 38 158
56 38 157
57 38 156
58 38 155
59 38 154
60 38 153
61 38 152
62 38 151
63 38 150
64 38 149
65 38 148
66 38 147
67 38 146
68 38 145
69 38 144
70 38 143
71 38 142
72 38 141
73 38 140
74 38 139
75 38 138
76 38 1
77 38 1
78 38 1
79 38 1
80 38 123
81 38 122
82 38 121
83 38 120
84 38 119
85 38 118
86 38 117
87 38 116
88 38 115
89 38 114
90 38 113
91 38 112
92 38 111
93 38 110
94 38 109
95 38 108
96 38 107
97 38 106
98 38 105
99 38 104
100 38 103
101 38 102
102 38 101
103 38 100
104 38 99
105 38 98
106 38 97
107 38 96
108 38 95
109 38 94
110 38 93
111 38 92
112 38 91
113 38 90
114 38 89
115 38 88
116 38 1
117 38 1
118 38 1
119 38 1
120 38 73
121 38 72
122 38 71
123 38 70
124 38 69
125 38 68
126 38 67
127 38 66
128 38 65
129 38 64
130 38 63
131 38 62
132 38 61
133 38 60
134 38 59
135 38 58
136 38 57
137 38 56
138 38 55
139 38 54
140 38 53
141 38 52
142 38 51
143 38 50
144 38 49
145 38 48
146 38 47
147 38 46
148 38 45
149 38 44
150 38 43
151 38 42
152 38 41
153 38 40
154 38 39
155 38 38
156 38 1
157 38 1
158 38 1
159 38 1
160 38 31
161 38 30
162 38 29
163 38 28
164 38 27
165 38 26
166 38 25
167 38 24
168 38 23
169 38 22
170 38 21
171 38 20
172 38 19
173 38 18
174 38 17
175 38 16
176 38 15
177 38 14
178 38 13
179 38 12
0 39 218
1 39 217
2 39 216
3 39 215
4 39 214
5 39 213
6 39 212
7 39 211
8 39 210
9 39 209
10 39 208
11 39 207
12 39 206
13 39 205
14 39 204
15 39 203
16 39 1
17 39 1
18 39 1
19 39 1
20 39 194
21 39 193
22 39 192
23 39 191
24 39 190
25 39 189
26 39 188
27 39 187
28 39 186
29 39 185
30 39 184
31 39 183
32 39 182
33 39 181
34 39 180
35 39 179
36 39 178
37 39 177
38 39 176
39 39 175
40 39 174
41 39 173
42 39 172
43 39 171
44 39 170
45 39 169
46 39 168
47 39 167
48 39 166
49 39 165
50 39 164
51 39 163
52 39 162
53 39 161
54 39 160
55 39 159
56 39 158
57 39 157
58 39 156
59 39 155
60 39 154
61 39 153
62 39 152
63 39 151
64 39 150
65 39 149
66 39 148
67 39 147
68 39 146
69 39 145
70 39 144
71 39 143
72 39 142
73 39 141
74 39 140
75 39 139
76 39 1
77 39 1
78 39 1
79 39 1
80 39 124
81 39 123
82 39 122
83 39 121
84 39 120
85 39 119
86 39 118
87 39 117
88 39 116
89 39 115
90 39 114
91 39 113
92 39 112
93 39 111
94 39 110
95 39 109
96 39 108
97 39 107
98 39 106
99 39 105
100 39 104
101 39 103
102 39 102
103 39 101
104 39 100
105 39 99
106 39 98
107 39 97
108 39 96
109 39 95
110 39 94
111 39 93
112 39 92
113 39 91
114 39 90
115 39 89
116 39 1
117 39 1
118 39 1
119 39 1
120 39 74
121 39 73
122 39 72
123 39 71
124 39 70
125 39 69
126 39 68
127 39 67
128 39 66
129 39 65
130 39 64
131 39 63
132 39 62
133 39 61
134 39 60
135 39 59
136 39 58
137 39 57
138 39 56
139 39 55
140 39 54
141 39 53
142 39 52
143 39 51
144 39 50
145 39 49
146 39 48
147 39 47
148 39 46
149 39 45
150 39 44
151 39 43
152 39 42
153 39 41
154 39 40
155 39 39
156 39 1
157 39 1
158 39 1
159 39 1
160 39 32
161 39 31
162 39 30
163 39 29
164 39 28
165 39 27
166 39 26
167 39 25
168 39 24
169 39 23
170 39 22
171 39 21
172 39 20
173 39 19
174 39 18
175 39 17
176 39 16
177 39 15
178 39 14
179 39 13
0 40 217
1 40 216
2 40 215
3 40 214
4 40 213
5 40 212
6 40 211
7 40 210
8 40 209
9 40 208
10 40 207
11 40 206
12 40 205
13 40 204
14 40 203
15 40 202
16 40 1
17 40 1
18 40 1
19 40 1
20 40 195
21 40 194
22 40 193
23 40 192
24 40 191
25 40 190
26 40 189
27 40 188
28 40 187
29 40 186
30 40 185
31 40 184
32 40 183
33 40 182
34 40 181
35 40 180
36 40 179
37 40 178
38 40 177
39 40 176
40 40 175
41 40 174
42 40 173
43 40 172
44 40 171
45 40 170
46 40 169
47 40 168
48 40 167
49 40 166
50 40 165
51 40 164
52 40 163
53 40 162
54 40 161
55 40 160
56 40 159
57 40 158
58 40 157
59 40 156
60 40 155
61 40 154
62 40 153
63 40 152
64 40 151
65 40 150
66 40 149
67 40 148
68 40 147
69 40 146
70 40 145
71 40 144
72 40 143
73 40 142
74 40 141
75 40 140
76 40 1
77 40 1
78 40 1
79 40 1
80 40 125
81 40 124
82 40 123
83 40 122
84 40 121
85 40 120
86 40 119
87 40 118
88 40 117
89 40 116
90 40 115
91 40 114
92 40 113
93 40 112
94 40 111
95 40 110
96 40 109
97 40 108
98 40 107
99 40 106
100 40 105
101 40 104
102 40 103
103 40 102
104 40 101
105 40 100
106 40 99
107 40 98
108 40 97
109 40 96
110 40 95
111 40 94
112 40 93
113 40 92
114 40 91
115 40 90
116 40 1
117 40 1
118 40 1
119 40 1
120 40 75
121 40 74
122 40 73
123 40 72
124 40 71
125 40 70
126 40 69
127 40 68
128 40 67
129 40 66
130 40 65
131 40 64
132 40 63
133 40 62
134 40 61
135 40 60
136 40 59
137 40 58
138 40 57
139 40 56
140 40 55
141 40 54
142 40 53
143 40 52
144 40 51
145 40 50
146 40 49
147 40 48
148 40 47
149 40 46
150 40 45
151 40 44
152 40 43
153 40 42
154 40 41
155 40 40
156 40 1
157 40 1
158 40 1
159 40 1
160 40 33
161 40 32
162 40 31
163 40 30
164 40 29
165 40 28
166 40 27
167 40 26
168 40 25
169 40 24
170 40 23
171 40 22
172 40 21
173 40 20
174 40 19
175 40 18
176 40 17
177 40 16
178 40 15
179 40 14
0 41 216
1 41 215
2 41 214
3 41 213
4 41 212
5 41 211
6 41 210
7 41 209
8 41 208
9 41 207
10 41 206
11 41 205
12 41 204
13 41 203
14 41 202
15 41 201
16 41 1
17 41 1
18 41 1
19 41 1
20 41 196
21 41 195
22 41 194
23 41 193
24 41 192
25 41 191
26 41 190
27 41 189
28 41 188
29 41 187
30 41 186
31 41 185
32 41 184
33 41 183
34 41 182
35 41 181
36 41 180
37 41 179
38 41 178
39 41 177
40 41 176
41 41 175
42 41 174
43 41 173
44 41 172
45 41 171
46 41 170
47 41 169
48 41 168
49 41 167
50 41 166
51 41 165
52 41 164
53 41 163
54 41 162
55 41 161
56 41 160
57 41 159
58 41 158
59 41 157
60 41 156
61 41 155
62 41 154
63 41 153
64 41 152
65 41 151
66 41 150
67 41 149
68 41 148
69 41 147
70 41 146
71 41 145
72 41 144
73 41 143
74 41 142
75 41 141
76 41 1
77 41 1
78 41 1
79 41 1
80 41 126
81 41 125
82 41 124
83 41 123
84 41 122
85 41 121
86 41 120
87 41 119
88 41 118
89 41 117
90 41 116
91 41 115
92 41 114
93 41 113
94 41 112
95 41 111
96 41 110
97 41 109
98 41 108
99 41 107
100 41 106
101 41 105
102 41 104
103 41 103
104 41 102
105 41 101
106 41 100
107 41 99
108 41 98
109 41 97
110 41 96
111 41 95
112 41 94
113 41 93
114 41 92
115 41 91
116 41 1
117 41 1
118 41 1
119 41 1
120 41 76
121 41 75
122 41 74
123 41 73
124 41 72
125 41 71
126 41 70
127 41 69
128 41 68
129 41 67
130 41 66
131 41 65
132 41 64
133 41 63
134 41 62
135 41 61
136 41 60
137 41 59
138 41 58
139 41 57
140 41 56
141 41 55
142 41 54
143 41 53
144 41 52
145 41 51
146 41 50
147 41 49
148 41 48
149 41 47
150 41 46
151 41 45
152 41 44
153 41 43
154 41 42
155 41 41
156 41 1
157 41 1
158 41 1
159 41 1
160 41 34
161 41 33
162 41 32
163 41 31
164 41 30
165 41 29
166 41 28
167 41 27
168 41 26
169 41 25
170 41 24
171 41 23
172 41 22
173 41 21
174 41 20
175 41 19
176 41 18
177 41 17
178 41 16
179 41 15
0 42 215
1 42 214
2 42 213
3 42 212
4 42 211
5 42 210
6 42 209
7 42 208
8 42 207
9 42 206
10 42 205
11 42 204
12 42 203
13 42 202
14 42 201
15 42 200
16 42 1
17 42 1
18 42 1
19 42 1
20 42 197
21 42 196
22 42 195
23 42 194
24 42 193
25 42 192
26 42 191
27 42 190
28 42 189
29 42 188
30 42 187
31 42 186
32 42 185
33 42 184
34 42 183
35 42 182
36 42 181
37 42 180
38 42 179
39 42 178
40 42 177
41 42 176
42 42 175
43 42 174
44 42 173
45 42 172
46 42 171
47 42 170
48 42 169
49 42 168
50 42 167
51 42 166
52 42 165
53 42 164
54 42 163
55 42 162
56 42 161
57 42 160
58 42 159
59 42 158
60 42 157
61 42 156
62 42 155
63 42 154
64 42 153
65 42 152
66 42 151
67 42 150
68 42 149
69 42 148
70 42 147
71 42 146
72 42 145
73 42 144
74 42 143
75 42 142
76 42 1
77 42 1
78 42 1
79 42 1
80 42 127
81 42 126
82 42 125
83 42 124
84 42 123
85 42 122
86 42 121
87 42 120
88 42 119
89 42 118
90 42 117
91 42 116
92 42 115
93 42 114
94 42 113
95 42 112
96 42 111
97 42 110
98 42 109
99 42 108
100 42 107
101 42 106
102 42 105
103 42 104
104 42 103
105 42 102
106 42 101
107 42 100
108 42 99
109 42 98
110 42 97
111 42 96
112 42 95
113 42 94
114 42 93
115 42 92
116 42 1
117 42 1
118 42 1
119 42 1
120 42 77
121 42 76
122 42 75
123 42 74
124 42 73
125 42 72
126 42 71
127 42 70
128 42 69
129 42 68
130 42 67
131 42 66
132 42 65
133 42 64
134 42 63
135 42 62
136 42 61
137 42 60
138 42 59
139 42 58
140 42 57
141 42 56
142 42 55
143 42 54
144 42 53
145 42 52
146 42 51
147 42 50
148 42 49
149 42 48
150 42 47
151 42 46
152 42 45
153 42 44
154 42 43
155 42 42
156 42 1
157 42 1
158 42 1
159 42 1
160 42 35
161 42 34
162 42 33
163 42 32
164 42 31
165 42 30
166 42 29
167 42 28
168 42 27
169 42 26
170 42 25
171 42 24
172 42 23
173 42 22
174 42 21
175 42 20
176 42 19
177 42 18
178 42 17
179 42 16
0 43 214
1 43 213
2 43 212
3 43 211
4 43 210
5 43 209
6 43 208
7 43 207
8 43 206
9 43 205
10 43 204
11 43 203
12 43 202
13 43 201
14 43 200
15 43 199
16 43 1
17 43 1
18 43 1
19 43 1
20 43 198
21 43 197
22 43 196
23 43 195
24 43 194
25 43 193
26 43 192
27 43 191
28 43 190
29 43 189
30 43 188
31 43 187
32 43 186
33 43 185
34 43 184
35 43 183
36 43 182
37 43 181
38 43 180
39 43 179
40 43 178
41 43 177
42 43 176
43 43 175
44 43 174
45 43 173
46 43 172
47 43 171
48 43 170
49 43 169
50 43 168
51 43 167
52 43 166
53 43 165
54 43 164
55 43 163
56 43 162
57 43 161
58 43 160
59 43 159
60 43 158
61 43 157
62 43 156
63 43 155
64 43 154
65 43 153
66 43 152
67 43 151
68 43 150
69 43 149
70 43 148
71 43 147
72 43 146
73 43 145
74 43 144
75 43 143
76 43 1
77 43 1
78 43 1
79 43 1
80 43 128
81 43 127
82 43 126
83 43 125
84 43 124
85 43 123
86 43 122
87 43 121
88 43 120
89 43 119
90 43 118
91 43 117
92 43 116
93 43 115
94 43 114
95 43 113
96 43 112
97 43 111
98 43 110
99 43 109
100 43 108
101 43 107
102 43 106
103 43 105
104 43 104
105 43 103
106 43 102
107 43 101
108 43 100
109 43 99
110 43 98
111 43 97
112 43 96
113 43 95
114 43 94
115 43 93
116 43 1
117 43 1
118 43 1
119 43 1
120 43 78
121 43 77
122 43 76
123 43 75
124 43 74
125 43 73
126 43 72
127 43 71
128 43 70
129 43 69
130 43 68
131 43 67
132 43 66
133 43 65
134 43 64
135 43 63
136 43 62
137 43 61
138 43 60
139 43 59
140 43 58
141 43 57
142 43 56
143 43 55
144 43 54
145 43 53
146 43 52
147 43 51
148 43 50
149 43 49
150 43 48
151 43 47
152 43 46
153 43 45
154 43 44
155 43 43
156 43 1
157 43 1
158 43 1
159 43 1
160 43 36
161 43 35
162 43 34
163 43 33
164 43 32
165 43 31
166 43 30
167 43 29
168 43 28
169 43 27
170 43 26
171 43 25
172 43 24
173 43 23
174 43 22
175 43 21
176 43 20
177 43 19
178 43 18
179 43 17
0 44 213
1 44 212
2 44 211
3 44 210
4 44 209
5 44 208
6 44 207
7 44 206
8 44 205
9 44 204
10 44 203
11 44 202
12 44 201
13 44 200
14 44 199
15 44 198
16 44 1
17 44 1
18 44 1
19 44 1
20 44 199
21 44 198
22 44 197
23 44 196
24 44 195
25 44 194
26 44 193
27 44 192
28 44 191
29 44 190
30 44 189
31 44 188
32 44 187
33 44 186
34 44 185
35 44 184
36 44 183
37 44 182
38 44 181
39 44 180
40 44 179
41 44 178
42 44 177
43 44 176
44 44 175
45 44 174
46 44 173
47 44 172
48 44 171
49 44 170
50 44 169
51 44 168
52 44 167
53 44 166
54 44 165
55 44 164
56 44 163
57 44 162
58 44 161
59 44 160
60 44 159
61 44 158
62 44 157
63 44 156
64 44 155
65 44 154
66 44 153
67 44 152
68 44 151
69 44 150
70 44 149
71 44 148
72 44 147
73 44 146
74 44 145
75 44 144
76 44 1
77 44 1
78 44 1
79 44 1
80 44 129
81 44 128
82 44 127
83 44 126
84 44 125
85 44 124
86 44 123
87 44 122
88 44 121
89 44 120
90 44 119
91 44 118
92 44 117
93 44 116
94 44 115
95 44 114
96 44 113
97 44 112
98 44 111
99 44 110
100 44 109
101 44 108
102 44 107
103 44 106
104 44 105
105 44 104
106 44 103
107 44 102
108 44 101
109 44 100
110 44 99
111 44 98
112 44 97
113 44 96
114 44 95
115 44 94
116 44 1
117 44 1
118 44 1
119 44 1
120 44 79
121 44 78
122 44 77
123 44 76
124 44 75
125 44 74
126 44 73
127 44 72
128 44 71
129 44 70
130 44 69
131 44 68
132 44 67
133 44 66
134 44 65
135 44 64
136 44 63
137 44 62
138 44 61
139 44 60
140 44 59
141 44 58
142 44 57
143 44 56
144 44 55
145 44 54
146 44 53
147 44 52
148 44 51
149 44 50
150 44 49
151 44 48
152 44 47
153 44 46
154 44 45
155 44 44
156 44 1
157 44 1
158 44 1
159 44 1
160 44 37
161 44 36
162 44 35
163 44 34
164 44 33
165 44 32
166 44 31
167 44 30
168 44 29
169 44 28
170 44 27
171 44 26
172 44 25
173 44 24
174 44 23
175 44 22
176 44 21
177 44 20
178 44 19
179 44 18
0 45 212
1 45 211
2 45 210
3 45 209
4 45 208
5 45 207
6 45 206
7 45 205
8 45 204
9 45 203
10 45 202
11 45 201
12 45 200
13 45 199
14 45 198
15 45 197
16 45 1
17 45 1
18 45 1
19 45 1
20 45 200
21 45 199
22 45 198
23 45 197
24 45 196
25 45 195
26 45 194
27 45 193
28 45 192
29 45 191
30 45 190
31 45 189
32 45 188
33 45 187
34 45 186
35 45 185
36 45 184
37 45 183
38 45 182
39 45 181
40 45 180
41 45 179
42 45 178
43 45 177
44 45 176
45 45 175
46 45 174
47 45 173
48 45 172
49 45 171
50 45 170
51 45 169
52 45 168
53 45 167
54 45 166
55 45 165
56 45 164
57 45 163
58 45 162
59 45 161
60 45 160
61 45 159
62 45 158
63 45 157
64 45 156
65 45 155
66 45 154
67 45 153
68 45 152
69 45 151
70 45 150
71 45 149
72 45 148
73 45 147
74 45 146
75 45 145
76 45 1
77 45 1
78 45 1
79 45 1
80 45 130
81 45 129
82 45 128
83 45 127
84 45 126
85 45 125
86 45 124
87 45 123
88 45 122
89 45 121
90 45 120
91 45 119
92 45 118
93 45 117
94 45 116
95 45 115
96 45 114
97 45 113
98 45 112
99 45 111
100 45 110
101 45 109
102 45 108
103 45 107
104 45 106
105 45 105
106 45 104
107 45 103
108 45 102
109 45 101
110 45 100
111 45 99
112 45 98
113 45 97
114 45 96
115 45 95
116 45 1
117 45 1
118 45 1
119 45 1
120 45 80
121 45 79
122 45 78
123 45 77
124 45 76
125 45 75
126 45 74
127 45 73
128 45 72
129 45 71
130 45 70
131 45 69
132 45 68
133 45 67
134 45 66
135 45 65
136 45 64
137 45 63
138 45 62
139 45 61
140 45 60
141 45 59
142 45 58
143 45 57
144 45 56
145 45 55
146 45 54
147 45 53
148 45 52
149 45 51
150 45 50
151 45 49
152 45 48
153 45 47
154 45 46
155 45 45
156 45 1
157 45 1
158 45 1
159 45 1
160 45 38
161 45 37
162 45 36
163 45 35
164 45 34
165 45 33
166 45 32
167 45 31
168 45 30
169 45 29
170 45 28
171 45 27
172 45 26
173 45 25
174 45 24
175 45 23
176 45 22
177 45 21
178 45 20
179 45 19
0 46 211
1 46 210
2 46 209
3 46 208
4 46 207
5 46 206
6 46 205
7 46 204
8 46 203
9 46 202
10 46 201
11 46 200
12 46 199
13 46 198
14 46 197
15 46 196
16 46 1
17 46 1
18 46 1
19 46 1
20 46 201
21 46 200
22 46 199
23 46 198
24 46 197
25 46 196
26 46 195
27 46 194
28 46 193
29 46 192
30 46 191
31 46 190
32 46 189
33 46 188
34 46 187
35 46 186
36 46 185
37 46 184
38 46 183
39 46 182
40 46 181
41 46 180
42 46 179
43 46 178
44 46 177
45 46 176
46 46 175
47 46 174
48 46 173
49 46 172
50 46 171
51 46 170
52 46 169
53 46 168
54 46 167
55 46 166
56 46 165
57 46 164
58 46 163
59 46 162
60 46 161
61 46 160
62 46 159
63 46 158
64 46 157
65 46 156
66 46 155
67 46 154
68 46 153
69 46 152
70 46 151
71 46 150
72 46 149
73 46 148
74 46 147
75 46 146
76 46 1
77 46 1
78 46 1
79 46 1
80 46 131
81 46 130
82 46 129
83 46 128
84 46 127
85 46 126
86 46 125
87 46 124
88 46 123
89 46 122
90 46 121
91 46 120
92 46 119
93 46 118
94 46 117
95 46 116
96 46 115
97 46 114
98 46 113
99 46 112
100 46 111
101 46 110
102 46 109
103 46 108
104 46 107
105 46 106
106 46 105
107 46 104
108 46 103
109 46 102
110 46 101
111 46 100
112 46 99
113 46 98
114 46 97
115 46 96
116 46 1
117 46 1
118 46 1
119 46 1
120 46 81
121 46 80
122 46 79
123 46 78
124 46 77
125 46 76
126 46 75
127 46 74
128 46 73
129 46 72
130 46 71
131 46 70
132 46 69
133 46 68
134 46 67
135 46 66
136 46 65
137 46 64
138 46 63
139 46 62
140 46 61
141 46 60
142 46 59
143 46 58
144 46 57
145 46 56
146 46 55
147 46 54
148 46 53
149 46 52
150 46 51
151 46 50
152 46 49
153 46 48
154 46 47
155 46 46
156 46 1
157 46 1
158 46 1
159 46 1
160 46 39
161 46 38
162 46 37
163 46 36
164 46 35
165 46 34
166 46 33
167 46 32
168 46 31
169 46 30
170 46 29
171 46 28
172 46 27
173 46 26
174 46 25
175 46 24
176 46 23
177 46 22
178 46 21
179 46 20
0 47 210
1 47 209
2 47 208
3 47 207
4 47 206
5 47 205
6 47 204
7 47 203
8 47 202
9 47 201
10 47 200
11 47 199
12 47 198
13 47 197
14 47 196
15 47 195
16 47 1
17 47 1
18 47 1
19 47 1
20 47 202
21 47 201
22 47 200
23 47 199
24 47 198
25 47 197
26 47 196
27 47 195
28 47 194
29 47 193
30 47 192
31 47 191
32 47 190
33 47 189
34 47 188
35 47 187
36 47 186
37 47 185
38 47 184
39 47 183
40 47 182
41 47 181
42 47 180
43 47 179
44 47 178
45 47 177
46 47 176
47 47 175
48 47 174
49 47 173
50 47 172
51 47 171
52 47 170
53 47 169
54 47 168
55 47 167
56 47 166
57 47 165
58 47 164
59 47 163
60 47 162
61 47 161
62 47 160
63 47 159
64 47 158
65 47 157
66 47 156
67 47 155
68 47 154
69 47 153
70 47 152
71 47 151
72 47 150
73 47 149
74 47 148
75 47 147
76 47 1
77 47 1
78 47 1
79 47 1
80 47 132
81 47 131
82 47 130
83 47 129
84 47 128
85 47 127
86 47 126
87 47 125
88 47 124
89 47 123
90 47 122
91 47 121
92 47 120
93 47 119
94 47 118
95 47 117
96 47 116
97 47 115
98 47 114
99 47 113
100 47 112
101 47 111
102 47 110
103 47 109
104 47 108
105 47 107
106 47 106
107 47 105
108 47 104
109 47 103
110 47 102
111 47 101
112 47 100
113 47 99
114 47 98
115 47 97
116 47 1
117 47 1
118 47 1
119 47 1
120 47 82
121 47 81
122 47 80
123 47 79
124 47 78
125 47 77
126 47 76
127 47 75
128 47 74
129 47 73
130 47 72
131 47 71
132 47 70
133 47 69
134 47 68
135 47 67
136 47 66
137 47 65
138 47 64
139 47 63
140 47 62
141 47 61
142 47 60
143 47 59
144 47 58
145 47 57
146 47 56
147 47 55
148 47 54
149 47 53
150 47 52
151 47 51
152 47 50
153 47 49
154 47 48
155 47 47
156 47 1
157 47 1
158 47 1
159 47 1
160 47 40
161 47 39
162 47 38
163 47 37
164 47 36
165 47 35
166 47 34
167 47 33
168 47 32
169 47 31
170 47 30
171 47 29
172 47 28
173 47 27
174 47 26
175 47 25
176 47 24
177 47 23
178 47 22
179 47 21
0 48 209
1 48 208
2 48 207
3 48 206
4 48 205
5 48 204
6 48 203
7 48 202
8 48 201
9 48 200
10 48 199
11 48 198
12 48 197
13 48 196
14 48 195
15 48 194
16 48 1
17 48 1
18 48 1
19 48 1
20 48 1
21 48 1
22 48 1
23 48 1
24 48 1
25 48 1
26 48 1
27 48 1
28 48 1
29 48 1
30 48 1
31 48 1
32 48 1
33 48 1
34 48 1
35 48 1
36 48 1
37 48 1
38 48 1
39 48 1
40 48 1
41 48 1
42 48 1
43 48 1
44 48 1
45 48 1
46 48 1
47 48 1
48 48 1
49 48 1
50 48 1
51 48 1
52 48 1
53 48 1
54 48 1
55 48 1
56 48 1
57 48 1
58 48 1
59 48 1
60 48 1
61 48 1
62 48 1
63 48 1
64 48 1
65 48 1
66 48 1
67 48 1
68 48 1
69 48 1
70 48 1
71 48 1
72 48 1
73 48 1
74 48 1
75 48 1
76 48 1
77 48 1
78 48 1
79 48 1
80 48 1
81 48 1
82 48 1
83 48 1
84 48 1
85 48 1
86 48 1
87 48 1
88 48 1
89 48 1
90 48 1
91 48 1
92 48 1
93 48 1
94 48 1
95 48 1
96 48 1
97 48 1
98 48 1
99 48 1
100 48 1
101 48 1
102 48 1
103 48 1
104 48 1
105 48 1
106 48 1
107 48 1
108 48 1
109 48 1
110 48 1
111 48 1
112 48 1
113 48 1
114 48 1
115 48 1
116 48 1
117 48 1
118 48 1
119 48 1
120 48 1
121 48 1
122 48 1
123 48 1
124 48 1
125 48 1
126 48 1
127 48 1
128 48 1
129 48 1
130 48 1
131 48 1
132 48 1
133 48 1
134 48 1
135 48 1
136 48 1
137 48 1
138 48 1
139 48 1
140 48 1
141 48 1
142 48 1
143 48 1
144 48 1
145 48 1
146 48 1
147 48 1
148 48 1
149 48 1
150 48 1
151 48 1
152 48 1
153 48 1
154 48 1
155 48 1
156 48 1
157 48 1
158 48 1
159 48 1
160 48 41
161 48 40
162 48 39
163 48 38
164 48 37
165 48 36
166 48 35
167 48 34
168 48 33
169 48 32
170 48 31
171 48 30
172 48 29
173 48 28
174 48 27
175 48 26
176 48 25
177 48 24
178 48 23
179 48 22
0 49 208
1 49 207
2 49 206
3 49 205
4 49 204
5 49 203
6 49 202
7 49 201
8 49 200
9 49 199
10 49 198
11 49 197
12 49 196
13 49 195
14 49 194
15 49 193
16 49 1
17 49 1
18 49 1
19 49 1
20 49 1
21 49 1
22 49 1
23 49 1
24 49 1
25 49 1
26 49 1
27 49 1
28 49 1
29 49 1
30 49 1
31 49 1
32 49 1
33 49 1
34 49 1
35 49 1
36 49 1
37 49 1
38 49 1
39 49 1
40 49 1
41 49 1
42 49 1
43 49 1
44 49 1
45 49 1
46 49 1
47 49 1
48 49 1
49 49 1
50 49 1
51 49 1
52 49 1
53 49 1
54 49 1
55 49 1
56 49 1
57 49 1
58 49 1
59 49 1
60 49 1
61 49 1
62 49 1
63 49 1
64 49 1
65 49 1
66 49 1
67 49 1
68 49 1
69 49 1
70 49 1
71 49 1
72 49 1
73 49 1
74 49 1
75 49 1
76 49 1
77 49 1
78 49 1
79 49 1
80 49 1
81 49 1
82 49 1
83 49 1
84 49 1
85 49 1
86 49 1
87 49 1
88 49 1
89 49 1
90 49 1
91 49 1
92 49 1
93 49 1
94 49 1
95 49 1
96 49 1
97 49 1
98 49 1
99 49 1
100 49 1
101 49 1
102 49 1
103 49 1
104 49 1
105 49 1
106 49 1
107 49 1
108 49 1
109 49 1
110 49 1
111 49 1
112 49 1
113 49 1
114 49 1
115 49 1
116 49 1
117 49 1
118 49 1
119 49 1
120 49 1
121 49 1
122 49 1
123 49 1
124 49 1
125 49 1
126 49 1
127 49 1
128 49 1
129 49 1
130 49 1
131 49 1
132 49 1
133 49 1
134 49 1
135 49 1
136 49 1
137 49 1
138 49 1
139 49 1
140 49 1
141 49 1
142 49 1
143 49 1
144 49 1
145 49 1
146 49 1
147 49 1
148 49 1
149 49 1
150 49 1
151 49 1
152 49 1
153 49 1
154 49 1
155 49 1
156 49 1
157 49 1
158 49 1
159 49 1
160 49 42
161 49 41
162 49 40
163 49 39
164 49 38
165 49 37
166 49 36
167 49 35
168 49 34
169 49 33
170 49 32
171 49 31
172 49 30
173 49 29
174 49 28
175 49 27
176 49 26
177 49 25
178 49 24
179 49 23
0 50 207
1 50 206
2 50 205
3 50 204
4 50 203
5 50 202
6 50 201
7 50 200
8 50 199
9 50 198
10 50 197
11 50 196
12 50 195
13 50 194
14 50 193
15 50 192
16 50 1
17 50 1
18 50 1
19 50 1
20 50 1
21 50 1
22 50 1
23 50 1
24 50 1
25 50 1
26 50 1
27 50 1
28 50 1
29 50 1
30 50 1
31 50 1
32 50 1
33 50 1
34 50 1
35 50 1
36 50 1
37 50 1
38 50 1
39 50 1
40 50 1
41 50 1
42 50 1
43 50 1
44 50 1
45 50 1
46 50 1
47 50 1
48 50 1
49 50 1
50 50 1
51 50 1
52 50 1
53 50 1
54 50 1
55 50 1
56 50 1
57 50 1
58 50 1
59 50 1
60 50 1
61 50 1
62 50 1
63 50 1
64 50 1
65 50 1
66 50 1
67 50 1
68 50 1
69 50 1
70 50 1
71 50 1
72 50 1
73 50 1
74 50 1
75 50 1
76 50 1
77 50 1
78 50 1
79 50 1
80 50 1
81 50 1
82 50 1
83 50 1
84 50 1
85 50 1
86 50 1
87 50 1
88 50 1
89 50 1
90 50 1
91 50 1
92 50 1
93 50 1
94 50 1
95 50 1
96 50 1
97 50 1
98 50 1
99 50 1
100 50 1
101 50 1
102 50 1
103 50 1
104 50 1
105 50 1
106 50 1
107 50 1
108 50 1
109 50 1
110 50 1
111 50 1
112 50 1
113 50 1
114 50 1
115 50 1
116 50 1
117 50 1
118 50 1
119 50 1
120 50 1
121 50 1
122 50 1
123 50 1
124 50 1
125 50 1
126 50 1
127 50 1
128 50 1
129 50 1
130 50 1
131 50 1
132 50 1
133 50 1
134 50 1
135 50 1
136 50 1
137 50 1
138 50 1
139 50 1
140 50 1
141 50 1
142 50 1
143 50 1
144 50 1
145 50 1
146 50 1
147 50 1
148 50 1
149 50 1
150 50 1
151 50 1
152 50 1
153 50 1
154 50 1
155 50 1
156 50 1
157 50 1
158 50 1
159 50 1
160 50 43
161 50 42
162 50 41
163 50 40
164 50 39
165 50 38
166 50 37
167 50 36
168 50 35
169 50 34
170 50 33
171 50 32
172 50 31
173 50 30
174 50 29
175 50 28
176 50 27
177 50 26
178 50 25
179 50 24
0 51 206
1 51 205
2 51 204
3 51 203
4 51 202
5 51 201
6 51 200
7 51 199
8 51 198
9 51 197
10 51 196
11 51 195
12 51 194
13 51 193
14 51 192
15 51 191
16 51 1
17 51 1
18 51 1
19 51 1
20 51 1
21 51 1
22 51 1
23 51 1
24 51 1
25 51 1
26 51 1
27 51 1
28 51 1
29 51 1
30 51 1
31 51 1
32 51 1
33 51 1
34 51 1
35 51 1
36 51 1
37 51 1
38 51 1
39 51 1
40 51 1
41 51 1
42 51 1
43 51 1
44 51 1
45 51 1
46 51 1
47 51 1
48 51 1
49 51 1
50 51 1
51 51 1
52 51 1
53 51 1
54 51 1
55 51 1
56 51 1
57 51 1
58 51 1
59 51 1
60 51 1
61 51 1
62 51 1
63 51 1
64 51 1
65 51 1
66 51 1
67 51 1
68 51 1
69 51 1
70 51 1
71 51 1
72 51 1
73 51 1
74 51 1
75 51 1
76 51 1
77 51 1
78 51 1
79 51 1
80 51 1
81 51 1
82 51 1
83 51 1
84 51 1
85 51 1
86 51 1
87 51 1
88 51 1
89 51 1
90 51 1
91 51 1
92 51 1
93 51 1
94 51 1
95 51 1
96 51 1
97 51 1
98 51 1
99 51 1
100 51 1
101 51 1
102 51 1
103 51 1
104 51 1
105 51 1
106 51 1
107 51 1
108 51 1
109 51 1
110 51 1
111 51 1
112 51 1
113 51 1
114 51 1
115 51 1
116 51 1
117 51 1
118 51 1
119 51 1
120 51 1
121 51 1
122 51 1
123 51 1
124 51 1
125 51 1
126 51 1
127 51 1
128 51 1
129 51 1
130 51 1
131 51 1
132 51 1
133 51 1
134 51 1
135 51 1
136 51 1
137 51 1
138 51 1
139 51 1
140 51 1
141 51 1
142 51 1
143 51 1
144 51 1
145 51 1
146 51 1
147 51 1
148 51 1
149 51 1
150 51 1
151 51 1
152 51 1
153 51 1
154 51 1
155 51 1
156 51 1
157 51 1
158 51 1
159 51 1
160 51 44
161 51 43
162 51 42
163 51 41
164 51 40
165 51 39
166 51 38
167 51 37
168 51 36
169 51 35
170 51 34
171 51 33
172 51 32
173 51 31
174 51 30
175 51 29
176 51 28
177 51 27
178 51 26
179 51 25
0 52 205
1 52 204
2 52 203
3 52 202
4 52 201
5 52 200
6 52 199
7 52 198
8 52 197
9 52 196
10 52 195
11 52 194
12 52 193
13 52 192
14 52 191
15 52 190
16 52 189
17 52 188
18 52 187
19 52 186
20 52 185
21 52 184
22 52 183
23 52 182
24 52 181
25 52 180
26 52 179
27 52 178
28 52 177
29 52 176
30 52 175
31 52 174
32 52 173
33 52 172
34 52 171
35 52 170
36 52 169
37 52 168
38 52 167
39 52 166
40 52 165
41 52 164
42 52 163
43 52 162
44 52 161
45 52 160
46 52 159
47 52 158
48 52 157
49 52 156
50 52 155
51 52 154
52 52 153
53 52 152
54 52 151
55 52 150
56 52 149
57 52 148
58 52 147
59 52 146
60 52 145
61 52 144
62 52 143
63 52 142
64 52 141
65 52 140
66 52 139
67 52 138
68 52 137
69 52 136
70 52 135
71 52 134
72 52 133
73 52 132
74 52 131
75 52 130
76 52 129
77 52 128
78 52 127
79 52 126
80 52 125
81 52 124
82 52 123
83 52 122
84 52 121
85 52 120
86 52 119
87 52 118
88 52 117
89 52 116
90 52 115
91 52 114
92 52 113
93 52 112
94 52 111
95 52 110
96 52 109
97 52 108
98 52 107
99 52 106
100 52 105
101 52 104
102 52 103
103 52 102
104 52 101
105 52 100
106 52 99
107 52 98
108 52 97
109 52 96
110 52 95
111 52 94
112 52 93
113 52 92
114 52 91
115 52 90
116 52 89
117 52 88
118 52 87
119 52 86
120 52 85
121 52 84
122 52 83
123 52 82
124 52 81
125 52 80
126 52 79
127 52 78
128 52 77
129 52 76
130 52 75
131 52 74
132 52 73
133 52 72
134 52 71
135 52 70
136 52 69
137 52 68
138 52 67
139 52 66
140 52 65
141 52 64
142 52 63
143 52 62
144 52 61
145 52 60
146 52 59
147 52 58
148 52 57
149 52 56
150 52 55
151 52 54
152 52 53
153 52 52
154 52 51
155 52 50
156 52 49
157 52 48
158 52 47
159 52 46
160 52 45
161 52 44
162 52 43
163 52 42
164 52 41
165 52 40
166 52 39
167 52 38
168 52 37
169 52 36
170 52 35
171 52 34
172 52 33
173 52 32
174 52 31
175 52 30
176 52 29
177 52 28
178 52 27
179 52 26
0 53 206
1 53 205
2 53 204
3 53 203
4 53 202
5 53 201
6 53 200
7 53 199
8 53 198
9 53 197
10 53 196
11 53 195
12 53 194
13 53 193
14 53 192
15 53 191
16 53 190
17 53 189
18 53 188
19 53 187
20 53 186
21 53 185
22 53 184
23 53 183
24 53 182
25 53 181
26 53 180
27 53 179
28 53 178
29 53 177
30 53 176
31 53 175
32 53 174
33 53 173
34 53 172
35 53 171
36 53 170
37 53 169
38 53 168
39 53 167
40 53 166
41 53 165
42 53 164
43 53 163
44 53 162
45 53 161
46 53 160
47 53 159
48 53 158
49 53 157
50 53 156
51 53 155
52 53 154
53 53 153
54 53 152
55 53 151
56 53 150
57 53 149
58 53 148
59 53 147
60 53 146
61 53 145
62 53 144
63 53 143
64 53 142
65 53 141
66 53 140
67 53 139
68 53 138
69 53 137
70 53 136
71 53 135
72 53 134
73 53 133
74 53 132
75 53 131
76 53 130
77 53 129
78 53 128
79 53 127
80 53 126
81 53 125
82 53 124
83 53 123
84 53 122
85 53 121
86 53 120
87 53 119
88 53 118
89 53 117
90 53 116
91 53 115
92 53 114
93 53 113
94 53 112
95 53 111
96 53 110
97 53 109
98 53 108
99 53 107
100 53 106
101 53 105
102 53 104
103 53 103
104 53 102
105 53 101
106 53 100
107 53 99
108 53 98
109 53 97
110 53 96
111 53 95
112 53 94
113 53 93
114 53 92
115 53 91
116 53 90
117 53 89
118 53 88
119 53 87
120 53 86
121 53 85
122 53 84
123 53 83
124 53 82
125 53 81
126 53 80
127 53 79
128 53 78
129 53 77
130 53 76
131 53 75
132 53 74
133 53 73
134 53 72
135 53 71
136 53 70
137 53 69
138 53 68
139 53 67
140 53 66
141 53 65
142 53 64
143 53 63
144 53 62
145 53 61
146 53 60
147 53 59
148 53 58
149 53 57
150 53 56
151 53 55
152 53 54
153 53 53
154 53 52
155 53 51
156 53 50
157 53 49
158 53 48
159 53 47
160 53 46
161 53 45
162 53 44
163 53 43
164 53 42
165 53 41
166 53 40
167 53 39
168 53 38
169 53 37
170 53 36
171 53 35
172 53 34
173 53 33
174 53 32
175 53 31
176 53 30
177 53 29
178 53 28
179 53 27
0 54 207
1 54 206
2 54 205
3 54 204
4 54 203
5 54 202
6 54 201
7 54 200
8 54 199
9 54 198
10 54 197
11 54 196
12 54 195
13 54 194
14 54 193
15 54 192
16 54 191
17 54 190
18 54 189
19 54 188
20 54 187
21 54 186
22 54 185
23 54 184
24 54 183
25 54 182
26 54 181
27 54 180
28 54 179
29 54 178
30 54 177
31 54 176
32 54 175
33 54 174
34 54 173
35 54 172
36 54 171
37 54 170
38 54 169
39 54 168
40 54 167
41 54 166
42 54 165
43 54 164
44 54 163
45 54 162
46 54 161
47 54 160
48 54 159
49 54 158
50 54 157
51 54 156
52 54 155
53 54 154
54 54 153
55 54 152
56 54 151
57 54 150
58 54 149
59 54 148
60 54 147
61 54 146
62 54 145
63 54 144
64 54 143
65 54 142
66 54 141
67 54 140
68 54 139
69 54 138
70 54 137
71 54 136
72 54 135
73 54 134
74 54 133
75 54 132
76 54 131
77 54 130
78 54 129
79 54 128
80 54 127
81 54 126
82 54 125
83 54 124
84 54 123
85 54 122
86 54 121
87 54 120
88 54 119
89 54 118
90 54 117
91 54 116
92 54 115
93 54 114
94 54 113
95 54 112
96 54 111
97 54 110
98 54 109
99 54 108
100 54 107
101 54 106
102 54 105
103 54 104
104 54 103
105 54 102
106 54 101
107 54 100
108 54 99
109 54 98
110 54 97
111 54 96
112 54 95
113 54 94
114 54 93
115 54 92
116 54 91
117 54 90
118 54 89
119 54 88
120 54 87
121 54 86
122 54 85
123 54 84
124 54 83
125 54 82
126 54 81
127 54 80
128 54 79
129 54 78
130 54 77
131 54 76
132 54 75
133 54 74
134 54 73
135 54 72
136 54 71
137 54 70
138 54 69
139 54 68
140 54 67
141 54 66
142 54 65
143 54 64
144 54 63
145 54 62
146 54 61
147 54 60
148 54 59
149 54 58
150 54 57
151 54 56
152 54 55
153 54 54
154 54 53
155 54 52
156 54 51
157 54 50
158 54 49
159 54 48
160 54 47
161 54 46
162 54 45
163 54 44
164 54 43
165 54 42
166 54 41
167 54 40
168 54 39
169 54 38
170 54 37
171 54 36
172 54 35
173 54 34
174 54 33
175 54 32
176 54 31
177 54 30
178 54 29
179 54 28
0 55 208
1 55 207
2 55 206
3 55 205
4 55 204
5 55 203
6 55 202
7 55 201
8 55 200
9 55 199
10 55 198
11 55 197
12 55 196
13 55 195
14 55 194
15 55 193
16 55 192
17 55 191
18 55 190
19 55 189
20 55 188
21 55 187
22 55 186
23 55 185
24 55 184
25 55 183
26 55 182
27 55 181
28 55 180
29 55 179
30 55 178
31 55 177
32 55 176
33 55 175
34 55 174
35 55 173
36 55 172
37 55 171
38 55 170
39 55 169
40 55 168
41 55 167
42 55 166
43 55 165
44 55 164
45 55 163
46 55 162
47 55 161
48 55 160
49 55 159
50 55 158
51 55 157
52 55 156
53 55 155
54 55 154
55 55 153
56 55 152
57 55 151
58 55 150
59 55 149
60 55 148
61 55 147
62 55 146
63 55 145
64 55 144
65 55 143
66 55 142
67 55 141
68 55 140
69 55 139
70 55 138
71 55 137
72 55 136
73 55 135
74 55 134
75 55 133
76 55 132
77 55 131
78 55 130
79 55 129
80 55 128
81 55 127
82 55 126
83 55 125
84 55 124
85 55 123
86 55 122
87 55 121
88 55 120
89 55 119
90 55 118
91 55 117
92 55 116
93 55 115
94 55 114
95 55 113
96 55 112
97 55 111
98 55 110
99 55 109
100 55 108
101 55 107
102 55 106
103 55 105
104 55 104
105 55 103
106 55 102
107 55 101
108 55 100
109 55 99
110 55 98
111 55 97
112 55 96
113 55 95
114 55 94
115 55 93
116 55 92
117 55 91
118 55 90
119 55 89
120 55 88
121 55 87
122 55 86
123 55 85
124 55 84
125 55 83
126 55 82
127 55 81
128 55 80
129 55 79
130 55 78
131 55 77
132 55 76
133 55 75
134 55 74
135 55 73
136 55 72
137 55 71
138 55 70
139 55 69
140 55 68
141 55 67
142 55 66
143 55 65
144 55 64
145 55 63
146 55 62
147 55 61
148 55 60
149 55 59
150 55 58
151 55 57
152 55 56
153 55 55
154 55 54
155 55 53
156 55 52
157 55 51
158 55 50
159 55 49
160 55 48
161 55 47
162 55 46
163 55 45
164 55 44
165 55 43
166 55 42
167 55 41
168 55 40
169 55 39
170 55 38
171 55 37
172 55 36
173 55 35
174 55 34
175 55 33
176 55 32
177 55 31
178 55 30
179 55 29
