0.0558659 0.127273
0.307263 0.127273
0.558659 0.127273
0.810056 0.127273
1.06145 0.127273
1.31285 0.127273
1.56425 0.127273
1.81564 0.127273
2.06704 0.127273
2.31844 0.127273
2.56983 0.127273
2.82123 0.127273
3.07263 0.127273
3.32402 0.127273
3.57542 0.127273
3.82682 0.127273
3.82682 0.381818
3.82682 0.636364
3.82682 0.890909
3.82682 1.14545
4.07821 1.14545
4.32961 1.14545
4.58101 1.14545
4.8324 1.14545
5.0838 1.14545
5.3352 1.14545
5.58659 1.14545
5.83799 1.14545
6.08939 1.14545
6.34078 1.14545
6.59218 1.14545
6.84358 1.14545
7.09497 1.14545
7.34637 1.14545
7.59777 1.14545
7.84916 1.14545
8.10056 1.14545
8.35196 1.14545
8.60335 1.14545
8.85475 1.14545
8.85475 0.890909
8.85475 0.636364
8.85475 0.381818
8.85475 0.127273
8.85475 -0.127273
9.10615 -0.127273
9.35754 -0.127273
9.60894 -0.127273
9.86034 -0.127273
10.1117 -0.127273
10.3631 -0.127273
10.6145 -0.127273
10.8659 -0.127273
11.1173 -0.127273
11.3687 -0.127273
11.6201 -0.127273
11.8715 -0.127273
12.1229 -0.127273
12.3743 -0.127273
12.6257 -0.127273
12.8771 -0.127273
13.1285 -0.127273
13.3799 -0.127273
13.6313 -0.127273
13.8827 -0.127273
13.8827 0.127273
13.8827 0.381818
13.8827 0.636364
13.8827 0.890909
13.8827 1.14545
14.1341 1.14545
14.3855 1.14545
14.6369 1.14545
14.8883 1.14545
15.1397 1.14545
15.3911 1.14545
15.6425 1.14545
15.8939 1.14545
16.1453 1.14545
16.3966 1.14545
16.648 1.14545
16.8994 1.14545
17.1508 1.14545
17.4022 1.14545
17.6536 1.14545
17.905 1.14545
18.1564 1.14545
18.4078 1.14545
18.6592 1.14545
18.9106 1.14545
18.9106 0.890909
18.9106 0.636364
18.9106 0.381818
18.9106 0.127273
18.9106 -0.127273
19.162 -0.127273
19.4134 -0.127273
19.6648 -0.127273
19.9162 -0.127273
20.1676 -0.127273
20.419 -0.127273
20.6704 -0.127273
20.9218 -0.127273
21.1732 -0.127273
21.4246 -0.127273
21.676 -0.127273
21.9274 -0.127273
22.1788 -0.127273
22.4302 -0.127273
22.6816 -0.127273
22.933 -0.127273
23.1844 -0.127273
23.4358 -0.127273
23.6872 -0.127273
23.9385 -0.127273
23.9385 0.127273
23.9385 0.381818
23.9385 0.636364
23.9385 0.890909
23.9385 1.14545
24.1899 1.14545
24.4413 1.14545
24.6927 1.14545
24.9441 1.14545
25.1955 1.14545
25.4469 1.14545
25.6983 1.14545
25.9497 1.14545
26.2011 1.14545
26.4525 1.14545
26.7039 1.14545
26.9553 1.14545
27.2067 1.14545
27.4581 1.14545
27.7095 1.14545
27.9609 1.14545
28.2123 1.14545
28.4637 1.14545
28.7151 1.14545
28.9665 1.14545
28.9665 0.890909
28.9665 0.636364
28.9665 0.381818
28.9665 0.127273
28.9665 -0.127273
29.2179 -0.127273
29.4693 -0.127273
29.7207 -0.127273
29.9721 -0.127273
30.2235 -0.127273
30.4749 -0.127273
30.7263 -0.127273
30.9777 -0.127273
31.2291 -0.127273
31.4804 -0.127273
31.7318 -0.127273
31.9832 -0.127273
32.2346 -0.127273
32.486 -0.127273
32.7374 -0.127273
32.9888 -0.127273
33.2402 -0.127273
33.4916 -0.127273
33.743 -0.127273
33.9944 -0.127273
34.2458 -0.127273
34.4972 -0.127273
34.7486 -0.127273
35 -0.127273
