0.0422535 0.0422535
0.295775 0.0422535
0.549296 0.0422535
0.802817 0.0422535
1.05634 0.0422535
1.30986 0.0422535
1.56338 0.0422535
1.8169 0.0422535
2.07042 0.0422535
2.32394 0.0422535
2.57746 0.0422535
2.83099 0.0422535
3.08451 0.0422535
3.33803 0.0422535
3.59155 0.0422535
3.84507 0.0422535
4.09859 0.0422535
4.35211 0.0422535
4.60563 0.0422535
4.85915 0.0422535
5.11268 0.0422535
5.3662 0.0422535
5.61972 0.0422535
5.87324 0.0422535
5.87324 0.295775
5.87324 0.549296
5.87324 0.802817
5.87324 1.05634
5.87324 1.30986
5.87324 1.56338
5.87324 1.8169
5.87324 2.07042
5.87324 2.32394
5.87324 2.57746
5.87324 2.83099
5.87324 3.08451
5.87324 3.33803
5.87324 3.59155
5.87324 3.84507
5.87324 4.09859
5.87324 4.35211
5.87324 4.60563
5.87324 4.85915
5.87324 5.11268
5.87324 5.3662
5.87324 5.61972
5.87324 5.87324
5.87324 6.12676
6.12676 6.12676
6.38028 6.12676
6.6338 6.12676
6.88732 6.12676
7.14085 6.12676
7.39437 6.12676
7.64789 6.12676
7.90141 6.12676
8.15493 6.12676
8.40845 6.12676
8.66197 6.12676
8.91549 6.12676
9.16901 6.12676
9.42254 6.12676
9.67606 6.12676
9.92958 6.12676
9.92958 6.38028
9.92958 6.6338
9.92958 6.88732
9.92958 7.14085
9.92958 7.39437
9.92958 7.64789
9.92958 7.90141
9.92958 8.15493
9.92958 8.40845
9.92958 8.66197
9.92958 8.91549
9.92958 9.16901
9.92958 9.42254
9.92958 9.67606
9.92958 9.92958
10.1831 9.92958
