0 0
0.042169 0
0.0843381 0
0.126507 0
0.168676 0
0.210845 0
0.253014 0
0.295183 0
0.337352 0
0.337352 0.042169
0.337352 0.0843381
0.337352 0.126507
0.337352 0.168676
0.337352 0.210845
0.337352 0.253014
0.337352 0.295183
0.337352 0.337352
0.337352 0.379521
0.337352 0.42169
0.337352 0.463859
0.337352 0.506028
0.337352 0.548197
0.337352 0.590366
0.337352 0.632535
0.337352 0.674704
0.337352 0.716873
0.337352 0.759043
0.337352 0.801212
0.337352 0.843381
0.337352 0.88555
0.337352 0.927719
0.337352 0.969888
0.337352 1.01206
0.337352 1.05423
0.337352 1.09639
0.337352 1.13856
0.337352 1.18073
0.337352 1.2229
0.337352 1.26507
0.337352 1.30724
0.337352 1.34941
0.337352 1.39158
0.337352 1.43375
0.337352 1.47592
0.337352 1.51809
0.337352 1.56025
0.337352 1.60242
0.337352 1.64459
0.337352 1.68676
0.337352 1.72893
0.337352 1.7711
0.337352 1.81327
0.337352 1.85544
0.337352 1.89761
0.337352 1.93978
0.337352 1.98194
0.379521 1.98194
0.42169 1.98194
0.463859 1.98194
0.506028 1.98194
0.548197 1.98194
0.590366 1.98194
0.632535 1.98194
0.674704 1.98194
0.716873 1.98194
0.759043 1.98194
0.801212 1.98194
0.843381 1.98194
0.843381 1.93978
0.88555 1.93978
0.927719 1.93978
0.927719 1.89761
0.969888 1.89761
0.969888 1.85544
1.01206 1.85544
1.05423 1.85544
1.05423 1.81327
1.09639 1.81327
1.09639 1.7711
1.13856 1.7711
1.13856 1.72893
1.18073 1.72893
1.2229 1.72893
1.2229 1.68676
1.26507 1.68676
1.26507 1.64459
1.30724 1.64459
1.30724 1.60242
1.34941 1.60242
1.34941 1.56025
1.39158 1.56025
1.39158 1.51809
1.43375 1.51809
1.43375 1.47592
1.43375 1.43375
1.47592 1.43375
1.47592 1.39158
1.51809 1.39158
1.51809 1.34941
1.51809 1.30724
1.56025 1.30724
1.56025 1.26507
1.56025 1.2229
1.60242 1.2229
1.60242 1.18073
1.60242 1.13856
1.64459 1.13856
1.64459 1.09639
1.64459 1.05423
1.64459 1.01206
1.64459 0.969888
1.68676 0.969888
1.68676 0.927719
1.68676 0.88555
1.68676 0.843381
1.68676 0.801212
1.72893 0.801212
1.72893 0.759043
1.72893 0.716873
1.72893 0.674704
1.72893 0.632535
1.72893 0.590366
1.72893 0.548197
1.7711 0.548197
1.7711 0.506028
1.7711 0.463859
1.7711 0.42169
1.7711 0.379521
1.7711 0.337352
1.7711 0.295183
1.7711 0.253014
1.7711 0.210845
1.81327 0.210845
1.81327 0.168676
1.81327 0.126507
1.81327 0.0843381
1.81327 0.042169
1.81327 0
1.85544 0
1.89761 0
1.93978 0
1.98194 0
2.02411 0
2.06628 0
2.10845 0
2.15062 0
2.19279 0
2.23496 0
2.27713 0
2.3193 0
2.36147 0
2.40363 0
2.4458 0
2.48797 0
2.53014 0
2.57231 0
2.61448 0
2.65665 0
2.69882 0
2.74099 0
2.78316 0
2.82532 0
2.86749 0
2.90966 0
2.95183 0
2.994 0
3.03617 0
3.07834 0
3.12051 0
