0 0 104
1 0 103
2 0 102
3 0 101
4 0 100
5 0 99
6 0 98
7 0 97
8 0 96
9 0 95
10 0 94
11 0 93
12 0 92
13 0 91
14 0 90
15 0 89
16 0 88
17 0 87
18 0 86
19 0 85
20 0 84
21 0 83
22 0 82
23 0 81
24 0 80
25 0 79
26 0 78
27 0 77
28 0 76
29 0 75
30 0 74
31 0 73
32 0 72
33 0 71
34 0 70
35 0 69
36 0 70
37 0 71
38 0 72
39 0 73
40 0 74
41 0 75
42 0 76
43 0 77
44 0 78
45 0 79
46 0 80
47 0 81
48 0 82
49 0 83
50 0 84
51 0 85
52 0 86
53 0 87
54 0 88
55 0 89
56 0 90
57 0 91
58 0 92
59 0 93
60 0 94
61 0 95
62 0 96
63 0 97
64 0 98
65 0 99
66 0 100
67 0 101
68 0 102
69 0 103
70 0 104
71 0 105
0 1 103
1 1 102
2 1 101
3 1 100
4 1 99
5 1 98
6 1 97
7 1 96
8 1 95
9 1 94
10 1 93
11 1 92
12 1 91
13 1 90
14 1 89
15 1 88
16 1 87
17 1 86
18 1 85
19 1 84
20 1 83
21 1 82
22 1 81
23 1 80
24 1 79
25 1 78
26 1 77
27 1 76
28 1 75
29 1 74
30 1 73
31 1 72
32 1 71
33 1 70
34 1 69
35 1 68
36 1 69
37 1 70
38 1 71
39 1 72
40 1 73
41 1 74
42 1 75
43 1 76
44 1 77
45 1 78
46 1 79
47 1 80
48 1 81
49 1 82
50 1 83
51 1 84
52 1 85
53 1 86
54 1 87
55 1 88
56 1 89
57 1 90
58 1 91
59 1 92
60 1 93
61 1 94
62 1 95
63 1 96
64 1 97
65 1 98
66 1 99
67 1 100
68 1 101
69 1 102
70 1 103
71 1 104
0 2 102
1 2 101
2 2 100
3 2 99
4 2 98
5 2 97
6 2 96
7 2 95
8 2 94
9 2 93
10 2 92
11 2 91
12 2 90
13 2 89
14 2 88
15 2 87
16 2 86
17 2 85
18 2 84
19 2 83
20 2 82
21 2 81
22 2 80
23 2 79
24 2 78
25 2 77
26 2 76
27 2 75
28 2 74
29 2 73
30 2 72
31 2 71
32 2 70
33 2 69
34 2 68
35 2 67
36 2 68
37 2 69
38 2 70
39 2 71
40 2 72
41 2 73
42 2 74
43 2 75
44 2 76
45 2 77
46 2 78
47 2 79
48 2 80
49 2 81
50 2 82
51 2 83
52 2 84
53 2 85
54 2 86
55 2 87
56 2 88
57 2 89
58 2 90
59 2 91
60 2 92
61 2 93
62 2 94
63 2 95
64 2 96
65 2 97
66 2 98
67 2 99
68 2 100
69 2 101
70 2 102
71 2 103
0 3 101
1 3 100
2 3 99
3 3 98
4 3 97
5 3 96
6 3 95
7 3 94
8 3 93
9 3 92
10 3 91
11 3 90
12 3 89
13 3 88
14 3 87
15 3 86
16 3 85
17 3 84
18 3 83
19 3 82
20 3 81
21 3 80
22 3 79
23 3 78
24 3 77
25 3 76
26 3 75
27 3 74
28 3 73
29 3 72
30 3 71
31 3 70
32 3 69
33 3 68
34 3 67
35 3 66
36 3 67
37 3 68
38 3 69
39 3 70
40 3 71
41 3 72
42 3 73
43 3 74
44 3 75
45 3 76
46 3 77
47 3 78
48 3 79
49 3 80
50 3 81
51 3 82
52 3 83
53 3 84
54 3 85
55 3 86
56 3 87
57 3 88
58 3 89
59 3 90
60 3 91
61 3 92
62 3 93
63 3 94
64 3 95
65 3 96
66 3 97
67 3 98
68 3 99
69 3 100
70 3 101
71 3 102
0 4 100
1 4 99
2 4 98
3 4 97
4 4 96
5 4 95
6 4 94
7 4 93
8 4 92
9 4 91
10 4 90
11 4 89
12 4 88
13 4 87
14 4 86
15 4 85
16 4 84
17 4 83
18 4 82
19 4 81
20 4 80
21 4 79
22 4 78
23 4 77
24 4 76
25 4 75
26 4 74
27 4 73
28 4 72
29 4 71
30 4 70
31 4 69
32 4 68
33 4 67
34 4 66
35 4 65
36 4 66
37 4 67
38 4 68
39 4 69
40 4 70
41 4 71
42 4 72
43 4 73
44 4 74
45 4 75
46 4 76
47 4 77
48 4 78
49 4 79
50 4 80
51 4 81
52 4 82
53 4 83
54 4 84
55 4 85
56 4 86
57 4 87
58 4 88
59 4 89
60 4 90
61 4 91
62 4 92
63 4 93
64 4 94
65 4 95
66 4 96
67 4 97
68 4 98
69 4 99
70 4 100
71 4 101
0 5 99
1 5 98
2 5 97
3 5 96
4 5 95
5 5 94
6 5 93
7 5 92
8 5 91
9 5 90
10 5 89
11 5 88
12 5 87
13 5 86
14 5 85
15 5 84
16 5 83
17 5 82
18 5 81
19 5 80
20 5 79
21 5 78
22 5 77
23 5 76
24 5 75
25 5 74
26 5 73
27 5 72
28 5 71
29 5 70
30 5 69
31 5 68
32 5 67
33 5 66
34 5 65
35 5 64
36 5 65
37 5 66
38 5 67
39 5 68
40 5 69
41 5 70
42 5 71
43 5 72
44 5 73
45 5 74
46 5 75
47 5 76
48 5 77
49 5 78
50 5 79
51 5 80
52 5 81
53 5 82
54 5 83
55 5 84
56 5 85
57 5 86
58 5 87
59 5 88
60 5 89
61 5 90
62 5 91
63 5 92
64 5 93
65 5 94
66 5 95
67 5 96
68 5 97
69 5 98
70 5 99
71 5 100
0 6 98
1 6 97
2 6 96
3 6 95
4 6 94
5 6 93
6 6 92
7 6 91
8 6 90
9 6 89
10 6 88
11 6 87
12 6 86
13 6 85
14 6 84
15 6 83
16 6 82
17 6 81
18 6 80
19 6 79
20 6 78
21 6 77
22 6 76
23 6 75
24 6 74
25 6 73
26 6 72
27 6 71
28 6 70
29 6 69
30 6 68
31 6 67
32 6 66
33 6 65
34 6 64
35 6 63
36 6 64
37 6 65
38 6 66
39 6 67
40 6 68
41 6 69
42 6 70
43 6 71
44 6 72
45 6 73
46 6 74
47 6 75
48 6 76
49 6 77
50 6 78
51 6 79
52 6 80
53 6 81
54 6 82
55 6 83
56 6 84
57 6 85
58 6 86
59 6 87
60 6 88
61 6 89
62 6 90
63 6 91
64 6 92
65 6 93
66 6 94
67 6 95
68 6 96
69 6 97
70 6 98
71 6 99
0 7 97
1 7 96
2 7 95
3 7 94
4 7 93
5 7 92
6 7 91
7 7 90
8 7 89
9 7 88
10 7 87
11 7 86
12 7 85
13 7 84
14 7 83
15 7 82
16 7 81
17 7 80
18 7 79
19 7 78
20 7 77
21 7 76
22 7 75
23 7 74
24 7 73
25 7 72
26 7 71
27 7 70
28 7 69
29 7 68
30 7 67
31 7 66
32 7 65
33 7 64
34 7 63
35 7 62
36 7 63
37 7 64
38 7 65
39 7 66
40 7 67
41 7 68
42 7 69
43 7 70
44 7 71
45 7 72
46 7 73
47 7 74
48 7 75
49 7 76
50 7 77
51 7 78
52 7 79
53 7 80
54 7 81
55 7 82
56 7 83
57 7 84
58 7 85
59 7 86
60 7 87
61 7 88
62 7 89
63 7 90
64 7 91
65 7 92
66 7 93
67 7 94
68 7 95
69 7 96
70 7 97
71 7 98
0 8 96
1 8 95
2 8 94
3 8 93
4 8 92
5 8 91
6 8 90
7 8 89
8 8 88
9 8 87
10 8 86
11 8 85
12 8 84
13 8 83
14 8 82
15 8 81
16 8 80
17 8 79
18 8 78
19 8 77
20 8 76
21 8 75
22 8 74
23 8 73
24 8 72
25 8 71
26 8 70
27 8 69
28 8 68
29 8 67
30 8 66
31 8 65
32 8 64
33 8 63
34 8 62
35 8 61
36 8 62
37 8 63
38 8 64
39 8 65
40 8 66
41 8 67
42 8 68
43 8 69
44 8 70
45 8 71
46 8 72
47 8 73
48 8 74
49 8 75
50 8 76
51 8 77
52 8 78
53 8 79
54 8 80
55 8 81
56 8 82
57 8 83
58 8 84
59 8 85
60 8 86
61 8 87
62 8 88
63 8 89
64 8 90
65 8 91
66 8 92
67 8 93
68 8 94
69 8 95
70 8 96
71 8 97
0 9 95
1 9 94
2 9 93
3 9 92
4 9 91
5 9 90
6 9 89
7 9 88
8 9 87
9 9 86
10 9 85
11 9 84
12 9 83
13 9 82
14 9 81
15 9 80
16 9 79
17 9 78
18 9 77
19 9 76
20 9 75
21 9 74
22 9 73
23 9 72
24 9 71
25 9 70
26 9 69
27 9 68
28 9 67
29 9 66
30 9 65
31 9 64
32 9 63
33 9 62
34 9 61
35 9 60
36 9 61
37 9 62
38 9 63
39 9 64
40 9 65
41 9 66
42 9 67
43 9 68
44 9 69
45 9 70
46 9 71
47 9 72
48 9 73
49 9 74
50 9 75
51 9 76
52 9 77
53 9 78
54 9 79
55 9 80
56 9 81
57 9 82
58 9 83
59 9 84
60 9 85
61 9 86
62 9 87
63 9 88
64 9 89
65 9 90
66 9 91
67 9 92
68 9 93
69 9 94
70 9 95
71 9 96
0 10 94
1 10 93
2 10 92
3 10 91
4 10 90
5 10 89
6 10 88
7 10 87
8 10 86
9 10 85
10 10 84
11 10 83
12 10 82
13 10 81
14 10 80
15 10 79
16 10 78
17 10 77
18 10 76
19 10 75
20 10 74
21 10 73
22 10 72
23 10 71
24 10 70
25 10 69
26 10 68
27 10 67
28 10 66
29 10 65
30 10 64
31 10 63
32 10 62
33 10 61
34 10 60
35 10 59
36 10 60
37 10 61
38 10 62
39 10 63
40 10 64
41 10 65
42 10 66
43 10 67
44 10 68
45 10 69
46 10 70
47 10 71
48 10 72
49 10 73
50 10 74
51 10 75
52 10 76
53 10 77
54 10 78
55 10 79
56 10 80
57 10 81
58 10 82
59 10 83
60 10 84
61 10 85
62 10 86
63 10 87
64 10 88
65 10 89
66 10 90
67 10 91
68 10 92
69 10 93
70 10 94
71 10 95
0 11 93
1 11 92
2 11 91
3 11 90
4 11 89
5 11 88
6 11 87
7 11 86
8 11 85
9 11 84
10 11 83
11 11 82
12 11 81
13 11 80
14 11 79
15 11 78
16 11 77
17 11 76
18 11 75
19 11 74
20 11 73
21 11 72
22 11 71
23 11 70
24 11 69
25 11 68
26 11 67
27 11 66
28 11 65
29 11 64
30 11 63
31 11 62
32 11 61
33 11 60
34 11 59
35 11 58
36 11 59
37 11 60
38 11 61
39 11 62
40 11 63
41 11 64
42 11 65
43 11 66
44 11 67
45 11 68
46 11 69
47 11 70
48 11 71
49 11 72
50 11 73
51 11 74
52 11 75
53 11 76
54 11 77
55 11 78
56 11 79
57 11 80
58 11 81
59 11 82
60 11 83
61 11 84
62 11 85
63 11 86
64 11 87
65 11 88
66 11 89
67 11 90
68 11 91
69 11 92
70 11 93
71 11 94
0 12 92
1 12 91
2 12 90
3 12 89
4 12 88
5 12 87
6 12 86
7 12 85
8 12 84
9 12 83
10 12 82
11 12 81
12 12 80
13 12 79
14 12 78
15 12 77
16 12 76
17 12 75
18 12 74
19 12 73
20 12 72
21 12 71
22 12 70
23 12 69
24 12 68
25 12 67
26 12 66
27 12 65
28 12 64
29 12 63
30 12 62
31 12 61
32 12 60
33 12 59
34 12 58
35 12 57
36 12 58
37 12 59
38 12 60
39 12 61
40 12 62
41 12 63
42 12 64
43 12 65
44 12 66
45 12 67
46 12 68
47 12 69
48 12 70
49 12 71
50 12 72
51 12 73
52 12 74
53 12 75
54 12 76
55 12 77
56 12 78
57 12 79
58 12 80
59 12 81
60 12 82
61 12 83
62 12 84
63 12 85
64 12 86
65 12 87
66 12 88
67 12 89
68 12 90
69 12 91
70 12 92
71 12 93
0 13 91
1 13 90
2 13 89
3 13 88
4 13 87
5 13 86
6 13 85
7 13 84
8 13 83
9 13 82
10 13 81
11 13 80
12 13 79
13 13 78
14 13 77
15 13 76
16 13 75
17 13 74
18 13 73
19 13 72
20 13 71
21 13 70
22 13 69
23 13 68
24 13 67
25 13 66
26 13 65
27 13 64
28 13 63
29 13 62
30 13 61
31 13 60
32 13 59
33 13 58
34 13 57
35 13 56
36 13 57
37 13 58
38 13 59
39 13 60
40 13 61
41 13 62
42 13 63
43 13 64
44 13 65
45 13 66
46 13 67
47 13 68
48 13 69
49 13 70
50 13 71
51 13 72
52 13 73
53 13 74
54 13 75
55 13 76
56 13 77
57 13 78
58 13 79
59 13 80
60 13 81
61 13 82
62 13 83
63 13 84
64 13 85
65 13 86
66 13 87
67 13 88
68 13 89
69 13 90
70 13 91
71 13 92
0 14 90
1 14 89
2 14 88
3 14 87
4 14 86
5 14 85
6 14 84
7 14 83
8 14 82
9 14 81
10 14 80
11 14 79
12 14 78
13 14 77
14 14 76
15 14 75
16 14 74
17 14 73
18 14 72
19 14 71
20 14 70
21 14 69
22 14 68
23 14 67
24 14 66
25 14 65
26 14 64
27 14 63
28 14 62
29 14 61
30 14 60
31 14 59
32 14 58
33 14 57
34 14 56
35 14 55
36 14 56
37 14 57
38 14 58
39 14 59
40 14 60
41 14 61
42 14 62
43 14 63
44 14 64
45 14 65
46 14 66
47 14 67
48 14 68
49 14 69
50 14 70
51 14 71
52 14 72
53 14 73
54 14 74
55 14 75
56 14 76
57 14 77
58 14 78
59 14 79
60 14 80
61 14 81
62 14 82
63 14 83
64 14 84
65 14 85
66 14 86
67 14 87
68 14 88
69 14 89
70 14 90
71 14 91
0 15 89
1 15 88
2 15 87
3 15 86
4 15 85
5 15 84
6 15 83
7 15 82
8 15 81
9 15 80
10 15 79
11 15 78
12 15 77
13 15 76
14 15 75
15 15 74
16 15 73
17 15 72
18 15 71
19 15 70
20 15 69
21 15 68
22 15 67
23 15 66
24 15 65
25 15 64
26 15 63
27 15 62
28 15 61
29 15 60
30 15 59
31 15 58
32 15 57
33 15 56
34 15 55
35 15 54
36 15 55
37 15 56
38 15 57
39 15 58
40 15 59
41 15 60
42 15 61
43 15 62
44 15 63
45 15 64
46 15 65
47 15 66
48 15 67
49 15 68
50 15 69
51 15 70
52 15 71
53 15 72
54 15 73
55 15 74
56 15 75
57 15 76
58 15 77
59 15 78
60 15 79
61 15 80
62 15 81
63 15 82
64 15 83
65 15 84
66 15 85
67 15 86
68 15 87
69 15 88
70 15 89
71 15 90
0 16 90
1 16 89
2 16 88
3 16 87
4 16 86
5 16 85
6 16 84
7 16 83
8 16 82
9 16 81
10 16 80
11 16 79
12 16 78
13 16 77
14 16 76
15 16 75
16 16 1
17 16 1
18 16 1
19 16 1
20 16 68
21 16 67
22 16 66
23 16 65
24 16 64
25 16 63
26 16 62
27 16 61
28 16 60
29 16 59
30 16 58
31 16 57
32 16 56
33 16 55
34 16 54
35 16 53
36 16 54
37 16 55
38 16 56
39 16 57
40 16 58
41 16 59
42 16 60
43 16 61
44 16 62
45 16 63
46 16 64
47 16 65
48 16 66
49 16 67
50 16 68
51 16 69
52 16 70
53 16 71
54 16 72
55 16 73
56 16 74
57 16 75
58 16 76
59 16 77
60 16 78
61 16 79
62 16 80
63 16 81
64 16 82
65 16 83
66 16 84
67 16 85
68 16 86
69 16 87
70 16 88
71 16 89
0 17 91
1 17 90
2 17 89
3 17 88
4 17 87
5 17 86
6 17 85
7 17 84
8 17 83
9 17 82
10 17 81
11 17 80
12 17 79
13 17 78
14 17 77
15 17 76
16 17 1
17 17 1
18 17 1
19 17 1
20 17 67
21 17 66
22 17 65
23 17 64
24 17 63
25 17 62
26 17 61
27 17 60
28 17 59
29 17 58
30 17 57
31 17 56
32 17 55
33 17 54
34 17 53
35 17 52
36 17 53
37 17 54
38 17 55
39 17 56
40 17 57
41 17 58
42 17 59
43 17 60
44 17 61
45 17 62
46 17 63
47 17 64
48 17 65
49 17 66
50 17 67
51 17 68
52 17 69
53 17 70
54 17 71
55 17 72
56 17 73
57 17 74
58 17 75
59 17 76
60 17 77
61 17 78
62 17 79
63 17 80
64 17 81
65 17 82
66 17 83
67 17 84
68 17 85
69 17 86
70 17 87
71 17 88
0 18 92
1 18 91
2 18 90
3 18 89
4 18 88
5 18 87
6 18 86
7 18 85
8 18 84
9 18 83
10 18 82
11 18 81
12 18 80
13 18 79
14 18 78
15 18 77
16 18 1
17 18 1
18 18 1
19 18 1
20 18 66
21 18 65
22 18 64
23 18 63
24 18 62
25 18 61
26 18 60
27 18 59
28 18 58
29 18 57
30 18 56
31 18 55
32 18 54
33 18 53
34 18 52
35 18 51
36 18 52
37 18 53
38 18 54
39 18 55
40 18 56
41 18 57
42 18 58
43 18 59
44 18 60
45 18 61
46 18 62
47 18 63
48 18 64
49 18 65
50 18 66
51 18 67
52 18 68
53 18 69
54 18 70
55 18 71
56 18 72
57 18 73
58 18 74
59 18 75
60 18 76
61 18 77
62 18 78
63 18 79
64 18 80
65 18 81
66 18 82
67 18 83
68 18 84
69 18 85
70 18 86
71 18 87
0 19 93
1 19 92
2 19 91
3 19 90
4 19 89
5 19 88
6 19 87
7 19 86
8 19 85
9 19 84
10 19 83
11 19 82
12 19 81
13 19 80
14 19 79
15 19 78
16 19 1
17 19 1
18 19 1
19 19 1
20 19 65
21 19 64
22 19 63
23 19 62
24 19 61
25 19 60
26 19 59
27 19 58
28 19 57
29 19 56
30 19 55
31 19 54
32 19 53
33 19 52
34 19 51
35 19 50
36 19 51
37 19 52
38 19 53
39 19 54
40 19 55
41 19 56
42 19 57
43 19 58
44 19 59
45 19 60
46 19 61
47 19 62
48 19 63
49 19 64
50 19 65
51 19 66
52 19 67
53 19 68
54 19 69
55 19 70
56 19 71
57 19 72
58 19 73
59 19 74
60 19 75
61 19 76
62 19 77
63 19 78
64 19 79
65 19 80
66 19 81
67 19 82
68 19 83
69 19 84
70 19 85
71 19 86
0 20 94
1 20 93
2 20 92
3 20 91
4 20 90
5 20 89
6 20 88
7 20 87
8 20 86
9 20 85
10 20 84
11 20 83
12 20 82
13 20 81
14 20 80
15 20 79
16 20 1
17 20 1
18 20 1
19 20 1
20 20 64
21 20 63
22 20 62
23 20 61
24 20 60
25 20 59
26 20 58
27 20 57
28 20 56
29 20 55
30 20 54
31 20 53
32 20 52
33 20 51
34 20 50
35 20 49
36 20 50
37 20 51
38 20 52
39 20 53
40 20 54
41 20 55
42 20 56
43 20 57
44 20 58
45 20 59
46 20 60
47 20 61
48 20 62
49 20 63
50 20 64
51 20 65
52 20 66
53 20 67
54 20 68
55 20 69
56 20 70
57 20 71
58 20 72
59 20 73
60 20 74
61 20 75
62 20 76
63 20 77
64 20 78
65 20 79
66 20 80
67 20 81
68 20 82
69 20 83
70 20 84
71 20 85
0 21 93
1 21 92
2 21 91
3 21 90
4 21 89
5 21 88
6 21 87
7 21 86
8 21 85
9 21 84
10 21 83
11 21 82
12 21 81
13 21 80
14 21 79
15 21 78
16 21 1
17 21 1
18 21 1
19 21 1
20 21 63
21 21 62
22 21 61
23 21 60
24 21 59
25 21 58
26 21 57
27 21 56
28 21 55
29 21 54
30 21 53
31 21 52
32 21 51
33 21 50
34 21 49
35 21 48
36 21 49
37 21 50
38 21 51
39 21 52
40 21 53
41 21 54
42 21 55
43 21 56
44 21 57
45 21 58
46 21 59
47 21 60
48 21 61
49 21 62
50 21 63
51 21 64
52 21 65
53 21 66
54 21 67
55 21 68
56 21 69
57 21 70
58 21 71
59 21 72
60 21 73
61 21 74
62 21 75
63 21 76
64 21 77
65 21 78
66 21 79
67 21 80
68 21 81
69 21 82
70 21 83
71 21 84
0 22 92
1 22 91
2 22 90
3 22 89
4 22 88
5 22 87
6 22 86
7 22 85
8 22 84
9 22 83
10 22 82
11 22 81
12 22 80
13 22 79
14 22 78
15 22 77
16 22 1
17 22 1
18 22 1
19 22 1
20 22 62
21 22 61
22 22 60
23 22 59
24 22 58
25 22 57
26 22 56
27 22 55
28 22 54
29 22 53
30 22 52
31 22 51
32 22 50
33 22 49
34 22 48
35 22 47
36 22 48
37 22 49
38 22 50
39 22 51
40 22 52
41 22 53
42 22 54
43 22 55
44 22 56
45 22 57
46 22 58
47 22 59
48 22 60
49 22 61
50 22 62
51 22 63
52 22 64
53 22 65
54 22 66
55 22 67
56 22 68
57 22 69
58 22 70
59 22 71
60 22 72
61 22 73
62 22 74
63 22 75
64 22 76
65 22 77
66 22 78
67 22 79
68 22 80
69 22 81
70 22 82
71 22 83
0 23 91
1 23 90
2 23 89
3 23 88
4 23 87
5 23 86
6 23 85
7 23 84
8 23 83
9 23 82
10 23 81
11 23 80
12 23 79
13 23 78
14 23 77
15 23 76
16 23 1
17 23 1
18 23 1
19 23 1
20 23 61
21 23 60
22 23 59
23 23 58
24 23 57
25 23 56
26 23 55
27 23 54
28 23 53
29 23 52
30 23 51
31 23 50
32 23 49
33 23 48
34 23 47
35 23 46
36 23 47
37 23 48
38 23 49
39 23 50
40 23 51
41 23 52
42 23 53
43 23 54
44 23 55
45 23 56
46 23 57
47 23 58
48 23 59
49 23 60
50 23 61
51 23 62
52 23 63
53 23 64
54 23 65
55 23 66
56 23 67
57 23 68
58 23 69
59 23 70
60 23 71
61 23 72
62 23 73
63 23 74
64 23 75
65 23 76
66 23 77
67 23 78
68 23 79
69 23 80
70 23 81
71 23 82
0 24 90
1 24 89
2 24 88
3 24 87
4 24 86
5 24 85
6 24 84
7 24 83
8 24 82
9 24 81
10 24 80
11 24 79
12 24 78
13 24 77
14 24 76
15 24 75
16 24 1
17 24 1
18 24 1
19 24 1
20 24 60
21 24 59
22 24 58
23 24 57
24 24 56
25 24 55
26 24 54
27 24 53
28 24 52
29 24 51
30 24 50
31 24 49
32 24 48
33 24 47
34 24 46
35 24 45
36 24 46
37 24 47
38 24 48
39 24 49
40 24 50
41 24 51
42 24 52
43 24 53
44 24 54
45 24 55
46 24 56
47 24 57
48 24 58
49 24 59
50 24 60
51 24 61
52 24 62
53 24 63
54 24 64
55 24 65
56 24 66
57 24 67
58 24 68
59 24 69
60 24 70
61 24 71
62 24 72
63 24 73
64 24 74
65 24 75
66 24 76
67 24 77
68 24 78
69 24 79
70 24 80
71 24 81
0 25 89
1 25 88
2 25 87
3 25 86
4 25 85
5 25 84
6 25 83
7 25 82
8 25 81
9 25 80
10 25 79
11 25 78
12 25 77
13 25 76
14 25 75
15 25 74
16 25 1
17 25 1
18 25 1
19 25 1
20 25 59
21 25 58
22 25 57
23 25 56
24 25 55
25 25 54
26 25 53
27 25 52
28 25 51
29 25 50
30 25 49
31 25 48
32 25 47
33 25 46
34 25 45
35 25 44
36 25 45
37 25 46
38 25 47
39 25 48
40 25 49
41 25 50
42 25 51
43 25 52
44 25 53
45 25 54
46 25 55
47 25 56
48 25 57
49 25 58
50 25 59
51 25 60
52 25 61
53 25 62
54 25 63
55 25 64
56 25 65
57 25 66
58 25 67
59 25 68
60 25 69
61 25 70
62 25 71
63 25 72
64 25 73
65 25 74
66 25 75
67 25 76
68 25 77
69 25 78
70 25 79
71 25 80
0 26 88
1 26 87
2 26 86
3 26 85
4 26 84
5 26 83
6 26 82
7 26 81
8 26 80
9 26 79
10 26 78
11 26 77
12 26 76
13 26 75
14 26 74
15 26 73
16 26 1
17 26 1
18 26 1
19 26 1
20 26 58
21 26 57
22 26 56
23 26 55
24 26 54
25 26 53
26 26 52
27 26 51
28 26 50
29 26 49
30 26 48
31 26 47
32 26 46
33 26 45
34 26 44
35 26 43
36 26 44
37 26 45
38 26 46
39 26 47
40 26 48
41 26 49
42 26 50
43 26 51
44 26 52
45 26 53
46 26 54
47 26 55
48 26 56
49 26 57
50 26 58
51 26 59
52 26 60
53 26 61
54 26 62
55 26 63
56 26 64
57 26 65
58 26 66
59 26 67
60 26 68
61 26 69
62 26 70
63 26 71
64 26 72
65 26 73
66 26 74
67 26 75
68 26 76
69 26 77
70 26 78
71 26 79
0 27 87
1 27 86
2 27 85
3 27 84
4 27 83
5 27 82
6 27 81
7 27 80
8 27 79
9 27 78
10 27 77
11 27 76
12 27 75
13 27 74
14 27 73
15 27 72
16 27 1
17 27 1
18 27 1
19 27 1
20 27 57
21 27 56
22 27 55
23 27 54
24 27 53
25 27 52
26 27 51
27 27 50
28 27 49
29 27 48
30 27 47
31 27 46
32 27 45
33 27 44
34 27 43
35 27 42
36 27 43
37 27 44
38 27 45
39 27 46
40 27 47
41 27 48
42 27 49
43 27 50
44 27 51
45 27 52
46 27 53
47 27 54
48 27 55
49 27 56
50 27 57
51 27 58
52 27 59
53 27 60
54 27 61
55 27 62
56 27 63
57 27 64
58 27 65
59 27 66
60 27 67
61 27 68
62 27 69
63 27 70
64 27 71
65 27 72
66 27 73
67 27 74
68 27 75
69 27 76
70 27 77
71 27 78
0 28 86
1 28 85
2 28 84
3 28 83
4 28 82
5 28 81
6 28 80
7 28 79
8 28 78
9 28 77
10 28 76
11 28 75
12 28 74
13 28 73
14 28 72
15 28 71
16 28 1
17 28 1
18 28 1
19 28 1
20 28 58
21 28 57
22 28 56
23 28 55
24 28 1
25 28 1
26 28 1
27 28 1
28 28 48
29 28 47
30 28 46
31 28 45
32 28 44
33 28 43
34 28 42
35 28 41
36 28 42
37 28 43
38 28 44
39 28 45
40 28 46
41 28 47
42 28 48
43 28 49
44 28 50
45 28 51
46 28 52
47 28 53
48 28 54
49 28 55
50 28 56
51 28 57
52 28 58
53 28 59
54 28 60
55 28 61
56 28 62
57 28 63
58 28 64
59 28 65
60 28 66
61 28 67
62 28 68
63 28 69
64 28 70
65 28 71
66 28 72
67 28 73
68 28 74
69 28 75
70 28 76
71 28 77
0 29 85
1 29 84
2 29 83
3 29 82
4 29 81
5 29 80
6 29 79
7 29 78
8 29 77
9 29 76
10 29 75
11 29 74
12 29 73
13 29 72
14 29 71
15 29 70
16 29 1
17 29 1
18 29 1
19 29 1
20 29 59
21 29 58
22 29 57
23 29 56
24 29 1
25 29 1
26 29 1
27 29 1
28 29 47
29 29 46
30 29 45
31 29 44
32 29 43
33 29 42
34 29 41
35 29 40
36 29 41
37 29 42
38 29 43
39 29 44
40 29 45
41 29 46
42 29 47
43 29 48
44 29 49
45 29 50
46 29 51
47 29 52
48 29 53
49 29 54
50 29 55
51 29 56
52 29 57
53 29 58
54 29 59
55 29 60
56 29 61
57 29 62
58 29 63
59 29 64
60 29 65
61 29 66
62 29 67
63 29 68
64 29 69
65 29 70
66 29 71
67 29 72
68 29 73
69 29 74
70 29 75
71 29 76
0 30 84
1 30 83
2 30 82
3 30 81
4 30 80
5 30 79
6 30 78
7 30 77
8 30 76
9 30 75
10 30 74
11 30 73
12 30 72
13 30 71
14 30 70
15 30 69
16 30 1
17 30 1
18 30 1
19 30 1
20 30 60
21 30 59
22 30 58
23 30 57
24 30 1
25 30 1
26 30 1
27 30 1
28 30 46
29 30 45
30 30 44
31 30 43
32 30 42
33 30 41
34 30 40
35 30 39
36 30 40
37 30 41
38 30 42
39 30 43
40 30 44
41 30 45
42 30 46
43 30 47
44 30 48
45 30 49
46 30 50
47 30 51
48 30 52
49 30 53
50 30 54
51 30 55
52 30 56
53 30 57
54 30 58
55 30 59
56 30 60
57 30 61
58 30 62
59 30 63
60 30 64
61 30 65
62 30 66
63 30 67
64 30 68
65 30 69
66 30 70
67 30 71
68 30 72
69 30 73
70 30 74
71 30 75
0 31 83
1 31 82
2 31 81
3 31 80
4 31 79
5 31 78
6 31 77
7 31 76
8 31 75
9 31 74
10 31 73
11 31 72
12 31 71
13 31 70
14 31 69
15 31 68
16 31 1
17 31 1
18 31 1
19 31 1
20 31 61
21 31 60
22 31 59
23 31 58
24 31 1
25 31 1
26 31 1
27 31 1
28 31 45
29 31 44
30 31 43
31 31 42
32 31 41
33 31 40
34 31 39
35 31 38
36 31 39
37 31 40
38 31 41
39 31 42
40 31 43
41 31 44
42 31 45
43 31 46
44 31 47
45 31 48
46 31 49
47 31 50
48 31 51
49 31 52
50 31 53
51 31 54
52 31 55
53 31 56
54 31 57
55 31 58
56 31 59
57 31 60
58 31 61
59 31 62
60 31 63
61 31 64
62 31 65
63 31 66
64 31 67
65 31 68
66 31 69
67 31 70
68 31 71
69 31 72
70 31 73
71 31 74
0 32 82
1 32 81
2 32 80
3 32 79
4 32 78
5 32 77
6 32 76
7 32 75
8 32 74
9 32 73
10 32 72
11 32 71
12 32 70
13 32 69
14 32 68
15 32 67
16 32 66
17 32 65
18 32 64
19 32 63
20 32 62
21 32 61
22 32 60
23 32 59
24 32 1
25 32 1
26 32 1
27 32 1
28 32 44
29 32 43
30 32 42
31 32 41
32 32 40
33 32 39
34 32 38
35 32 37
36 32 1
37 32 1
38 32 1
39 32 1
40 32 1
41 32 1
42 32 1
43 32 1
44 32 1
45 32 1
46 32 1
47 32 1
48 32 1
49 32 1
50 32 1
51 32 1
52 32 1
53 32 1
54 32 1
55 32 1
56 32 1
57 32 1
58 32 1
59 32 1
60 32 1
61 32 1
62 32 1
63 32 1
64 32 68
65 32 69
66 32 70
67 32 71
68 32 72
69 32 73
70 32 74
71 32 75
0 33 83
1 33 82
2 33 81
3 33 80
4 33 79
5 33 78
6 33 77
7 33 76
8 33 75
9 33 74
10 33 73
11 33 72
12 33 71
13 33 70
14 33 69
15 33 68
16 33 67
17 33 66
18 33 65
19 33 64
20 33 63
21 33 62
22 33 61
23 33 60
24 33 1
25 33 1
26 33 1
27 33 1
28 33 43
29 33 42
30 33 41
31 33 40
32 33 39
33 33 38
34 33 37
35 33 36
36 33 1
37 33 1
38 33 1
39 33 1
40 33 1
41 33 1
42 33 1
43 33 1
44 33 1
45 33 1
46 33 1
47 33 1
48 33 1
49 33 1
50 33 1
51 33 1
52 33 1
53 33 1
54 33 1
55 33 1
56 33 1
57 33 1
58 33 1
59 33 1
60 33 1
61 33 1
62 33 1
63 33 1
64 33 69
65 33 70
66 33 71
67 33 72
68 33 73
69 33 74
70 33 75
71 33 76
0 34 84
1 34 83
2 34 82
3 34 81
4 34 80
5 34 79
6 34 78
7 34 77
8 34 76
9 34 75
10 34 74
11 34 73
12 34 72
13 34 71
14 34 70
15 34 69
16 34 68
17 34 67
18 34 66
19 34 65
20 34 64
21 34 63
22 34 62
23 34 61
24 34 1
25 34 1
26 34 1
27 34 1
28 34 42
29 34 41
30 34 40
31 34 39
32 34 38
33 34 37
34 34 36
35 34 35
36 34 1
37 34 1
38 34 1
39 34 1
40 34 1
41 34 1
42 34 1
43 34 1
44 34 1
45 34 1
46 34 1
47 34 1
48 34 1
49 34 1
50 34 1
51 34 1
52 34 1
53 34 1
54 34 1
55 34 1
56 34 1
57 34 1
58 34 1
59 34 1
60 34 1
61 34 1
62 34 1
63 34 1
64 34 70
65 34 71
66 34 72
67 34 73
68 34 74
69 34 75
70 34 76
71 34 77
0 35 85
1 35 84
2 35 83
3 35 82
4 35 81
5 35 80
6 35 79
7 35 78
8 35 77
9 35 76
10 35 75
11 35 74
12 35 73
13 35 72
14 35 71
15 35 70
16 35 69
17 35 68
18 35 67
19 35 66
20 35 65
21 35 64
22 35 63
23 35 62
24 35 1
25 35 1
26 35 1
27 35 1
28 35 41
29 35 40
30 35 39
31 35 38
32 35 37
33 35 36
34 35 35
35 35 34
36 35 1
37 35 1
38 35 1
39 35 1
40 35 1
41 35 1
42 35 1
43 35 1
44 35 1
45 35 1
46 35 1
47 35 1
48 35 1
49 35 1
50 35 1
51 35 1
52 35 1
53 35 1
54 35 1
55 35 1
56 35 1
57 35 1
58 35 1
59 35 1
60 35 1
61 35 1
62 35 1
63 35 1
64 35 71
65 35 72
66 35 73
67 35 74
68 35 75
69 35 76
70 35 77
71 35 78
0 36 86
1 36 85
2 36 84
3 36 83
4 36 82
5 36 81
6 36 80
7 36 79
8 36 78
9 36 77
10 36 76
11 36 75
12 36 74
13 36 73
14 36 72
15 36 71
16 36 70
17 36 69
18 36 68
19 36 67
20 36 66
21 36 65
22 36 64
23 36 63
24 36 1
25 36 1
26 36 1
27 36 1
28 36 40
29 36 39
30 36 38
31 36 37
32 36 36
33 36 35
34 36 34
35 36 33
36 36 32
37 36 31
38 36 30
39 36 29
40 36 28
41 36 27
42 36 26
43 36 25
44 36 24
45 36 23
46 36 22
47 36 21
48 36 20
49 36 19
50 36 18
51 36 17
52 36 17
53 36 18
54 36 19
55 36 20
56 36 21
57 36 22
58 36 23
59 36 24
60 36 1
61 36 1
62 36 1
63 36 1
64 36 72
65 36 73
66 36 74
67 36 75
68 36 76
69 36 77
70 36 78
71 36 79
0 37 87
1 37 86
2 37 85
3 37 84
4 37 83
5 37 82
6 37 81
7 37 80
8 37 79
9 37 78
10 37 77
11 37 76
12 37 75
13 37 74
14 37 73
15 37 72
16 37 71
17 37 70
18 37 69
19 37 68
20 37 67
21 37 66
22 37 65
23 37 64
24 37 1
25 37 1
26 37 1
27 37 1
28 37 39
29 37 38
30 37 37
31 37 36
32 37 35
33 37 34
34 37 33
35 37 32
36 37 31
37 37 30
38 37 29
39 37 28
40 37 27
41 37 26
42 37 25
43 37 24
44 37 23
45 37 22
46 37 21
47 37 20
48 37 19
49 37 18
50 37 17
51 37 16
52 37 16
53 37 17
54 37 18
55 37 19
56 37 20
57 37 21
58 37 22
59 37 23
60 37 1
61 37 1
62 37 1
63 37 1
64 37 73
65 37 74
66 37 75
67 37 76
68 37 77
69 37 78
70 37 79
71 37 80
0 38 88
1 38 87
2 38 86
3 38 85
4 38 84
5 38 83
6 38 82
7 38 81
8 38 80
9 38 79
10 38 78
11 38 77
12 38 76
13 38 75
14 38 74
15 38 73
16 38 72
17 38 71
18 38 70
19 38 69
20 38 68
21 38 67
22 38 66
23 38 65
24 38 1
25 38 1
26 38 1
27 38 1
28 38 38
29 38 37
30 38 36
31 38 35
32 38 34
33 38 33
34 38 32
35 38 31
36 38 30
37 38 29
38 38 28
39 38 27
40 38 26
41 38 25
42 38 24
43 38 23
44 38 22
45 38 21
46 38 20
47 38 19
48 38 18
49 38 17
50 38 16
51 38 15
52 38 15
53 38 16
54 38 17
55 38 18
56 38 19
57 38 20
58 38 21
59 38 22
60 38 1
61 38 1
62 38 1
63 38 1
64 38 74
65 38 75
66 38 76
67 38 77
68 38 78
69 38 79
70 38 80
71 38 81
0 39 89
1 39 88
2 39 87
3 39 86
4 39 85
5 39 84
6 39 83
7 39 82
8 39 81
9 39 80
10 39 79
11 39 78
12 39 77
13 39 76
14 39 75
15 39 74
16 39 73
17 39 72
18 39 71
19 39 70
20 39 69
21 39 68
22 39 67
23 39 66
24 39 1
25 39 1
26 39 1
27 39 1
28 39 37
29 39 36
30 39 35
31 39 34
32 39 33
33 39 32
34 39 31
35 39 30
36 39 29
37 39 28
38 39 27
39 39 26
40 39 25
41 39 24
42 39 23
43 39 22
44 39 21
45 39 20
46 39 19
47 39 18
48 39 17
49 39 16
50 39 15
51 39 14
52 39 14
53 39 15
54 39 16
55 39 17
56 39 18
57 39 19
58 39 20
59 39 21
60 39 1
61 39 1
62 39 1
63 39 1
64 39 75
65 39 76
66 39 77
67 39 78
68 39 79
69 39 80
70 39 81
71 39 82
0 40 90
1 40 89
2 40 88
3 40 87
4 40 86
5 40 85
6 40 84
7 40 83
8 40 82
9 40 81
10 40 80
11 40 79
12 40 78
13 40 77
14 40 76
15 40 75
16 40 74
17 40 73
18 40 72
19 40 71
20 40 70
21 40 69
22 40 68
23 40 67
24 40 1
25 40 1
26 40 1
27 40 1
28 40 36
29 40 35
30 40 34
31 40 33
32 40 32
33 40 31
34 40 30
35 40 29
36 40 28
37 40 27
38 40 26
39 40 25
40 40 24
41 40 23
42 40 22
43 40 21
44 40 20
45 40 19
46 40 18
47 40 17
48 40 16
49 40 15
50 40 14
51 40 13
52 40 13
53 40 14
54 40 15
55 40 16
56 40 17
57 40 18
58 40 19
59 40 20
60 40 1
61 40 1
62 40 1
63 40 1
64 40 76
65 40 77
66 40 78
67 40 79
68 40 80
69 40 81
70 40 82
71 40 83
0 41 91
1 41 90
2 41 89
3 41 88
4 41 87
5 41 86
6 41 85
7 41 84
8 41 83
9 41 82
10 41 81
11 41 80
12 41 79
13 41 78
14 41 77
15 41 76
16 41 75
17 41 74
18 41 73
19 41 72
20 41 71
21 41 70
22 41 69
23 41 68
24 41 1
25 41 1
26 41 1
27 41 1
28 41 35
29 41 34
30 41 33
31 41 32
32 41 31
33 41 30
34 41 29
35 41 28
36 41 27
37 41 26
38 41 25
39 41 24
40 41 23
41 41 22
42 41 21
43 41 20
44 41 19
45 41 18
46 41 17
47 41 16
48 41 15
49 41 14
50 41 13
51 41 12
52 41 12
53 41 13
54 41 14
55 41 15
56 41 16
57 41 17
58 41 18
59 41 19
60 41 1
61 41 1
62 41 1
63 41 1
64 41 77
65 41 78
66 41 79
67 41 80
68 41 81
69 41 82
70 41 83
71 41 84
0 42 92
1 42 91
2 42 90
3 42 89
4 42 88
5 42 87
6 42 86
7 42 85
8 42 84
9 42 83
10 42 82
11 42 81
12 42 80
13 42 79
14 42 78
15 42 77
16 42 76
17 42 75
18 42 74
19 42 73
20 42 72
21 42 71
22 42 70
23 42 69
24 42 1
25 42 1
26 42 1
27 42 1
28 42 34
29 42 33
30 42 32
31 42 31
32 42 30
33 42 29
34 42 28
35 42 27
36 42 26
37 42 25
38 42 24
39 42 23
40 42 22
41 42 21
42 42 20
43 42 19
44 42 18
45 42 17
46 42 16
47 42 15
48 42 14
49 42 13
50 42 12
51 42 11
52 42 11
53 42 12
54 42 13
55 42 14
56 42 15
57 42 16
58 42 17
59 42 18
60 42 1
61 42 1
62 42 1
63 42 1
64 42 78
65 42 79
66 42 80
67 42 81
68 42 82
69 42 83
70 42 84
71 42 85
0 43 93
1 43 92
2 43 91
3 43 90
4 43 89
5 43 88
6 43 87
7 43 86
8 43 85
9 43 84
10 43 83
11 43 82
12 43 81
13 43 80
14 43 79
15 43 78
16 43 77
17 43 76
18 43 75
19 43 74
20 43 73
21 43 72
22 43 71
23 43 70
24 43 1
25 43 1
26 43 1
27 43 1
28 43 33
29 43 32
30 43 31
31 43 30
32 43 29
33 43 28
34 43 27
35 43 26
36 43 25
37 43 24
38 43 23
39 43 22
40 43 21
41 43 20
42 43 19
43 43 18
44 43 17
45 43 16
46 43 15
47 43 14
48 43 13
49 43 12
50 43 11
51 43 10
52 43 10
53 43 11
54 43 12
55 43 13
56 43 14
57 43 15
58 43 16
59 43 17
60 43 1
61 43 1
62 43 1
63 43 1
64 43 79
65 43 80
66 43 81
67 43 82
68 43 83
69 43 84
70 43 85
71 43 86
0 44 94
1 44 93
2 44 92
3 44 91
4 44 90
5 44 89
6 44 88
7 44 87
8 44 86
9 44 85
10 44 84
11 44 83
12 44 82
13 44 81
14 44 80
15 44 79
16 44 78
17 44 77
18 44 76
19 44 75
20 44 74
21 44 73
22 44 72
23 44 71
24 44 1
25 44 1
26 44 1
27 44 1
28 44 32
29 44 31
30 44 30
31 44 29
32 44 28
33 44 27
34 44 26
35 44 25
36 44 24
37 44 23
38 44 22
39 44 21
40 44 20
41 44 19
42 44 18
43 44 17
44 44 16
45 44 15
46 44 14
47 44 13
48 44 12
49 44 11
50 44 10
51 44 9
52 44 9
53 44 10
54 44 11
55 44 12
56 44 13
57 44 14
58 44 15
59 44 16
60 44 1
61 44 1
62 44 1
63 44 1
64 44 80
65 44 81
66 44 82
67 44 83
68 44 84
69 44 85
70 44 86
71 44 87
0 45 95
1 45 94
2 45 93
3 45 92
4 45 91
5 45 90
6 45 89
7 45 88
8 45 87
9 45 86
10 45 85
11 45 84
12 45 83
13 45 82
14 45 81
15 45 80
16 45 79
17 45 78
18 45 77
19 45 76
20 45 75
21 45 74
22 45 73
23 45 72
24 45 1
25 45 1
26 45 1
27 45 1
28 45 31
29 45 30
30 45 29
31 45 28
32 45 27
33 45 26
34 45 25
35 45 24
36 45 23
37 45 22
38 45 21
39 45 20
40 45 19
41 45 18
42 45 17
43 45 16
44 45 15
45 45 14
46 45 13
47 45 12
48 45 11
49 45 10
50 45 9
51 45 8
52 45 8
53 45 9
54 45 10
55 45 11
56 45 12
57 45 13
58 45 14
59 45 15
60 45 1
61 45 1
62 45 1
63 45 1
64 45 81
65 45 82
66 45 83
67 45 84
68 45 85
69 45 86
70 45 87
71 45 88
0 46 96
1 46 95
2 46 94
3 46 93
4 46 92
5 46 91
6 46 90
7 46 89
8 46 88
9 46 87
10 46 86
11 46 85
12 46 84
13 46 83
14 46 82
15 46 81
16 46 80
17 46 79
18 46 78
19 46 77
20 46 76
21 46 75
22 46 74
23 46 73
24 46 1
25 46 1
26 46 1
27 46 1
28 46 30
29 46 29
30 46 28
31 46 27
32 46 26
33 46 25
34 46 24
35 46 23
36 46 22
37 46 21
38 46 20
39 46 19
40 46 18
41 46 17
42 46 16
43 46 15
44 46 14
45 46 13
46 46 12
47 46 11
48 46 10
49 46 9
50 46 8
51 46 7
52 46 7
53 46 8
54 46 9
55 46 10
56 46 11
57 46 12
58 46 13
59 46 14
60 46 1
61 46 1
62 46 1
63 46 1
64 46 82
65 46 83
66 46 84
67 46 85
68 46 86
69 46 87
70 46 88
71 46 89
0 47 97
1 47 96
2 47 95
3 47 94
4 47 93
5 47 92
6 47 91
7 47 90
8 47 89
9 47 88
10 47 87
11 47 86
12 47 85
13 47 84
14 47 83
15 47 82
16 47 81
17 47 80
18 47 79
19 47 78
20 47 77
21 47 76
22 47 75
23 47 74
24 47 1
25 47 1
26 47 1
27 47 1
28 47 29
29 47 28
30 47 27
31 47 26
32 47 25
33 47 24
34 47 23
35 47 22
36 47 21
37 47 20
38 47 19
39 47 18
40 47 17
41 47 16
42 47 15
43 47 14
44 47 13
45 47 12
46 47 11
47 47 10
48 47 9
49 47 8
50 47 7
51 47 6
52 47 6
53 47 7
54 47 8
55 47 9
56 47 10
57 47 11
58 47 12
59 47 13
60 47 1
61 47 1
62 47 1
63 47 1
64 47 83
65 47 84
66 47 85
67 47 86
68 47 87
69 47 88
70 47 89
71 47 90
0 48 98
1 48 97
2 48 96
3 48 95
4 48 94
5 48 93
6 48 92
7 48 91
8 48 90
9 48 89
10 48 88
11 48 87
12 48 86
13 48 85
14 48 84
15 48 83
16 48 82
17 48 81
18 48 80
19 48 79
20 48 78
21 48 77
22 48 76
23 48 75
24 48 1
25 48 1
26 48 1
27 48 1
28 48 28
29 48 27
30 48 26
31 48 25
32 48 24
33 48 23
34 48 22
35 48 21
36 48 20
37 48 19
38 48 18
39 48 17
40 48 16
41 48 15
42 48 14
43 48 13
44 48 12
45 48 11
46 48 10
47 48 9
48 48 8
49 48 7
50 48 6
51 48 5
52 48 5
53 48 6
54 48 7
55 48 8
56 48 9
57 48 10
58 48 11
59 48 12
60 48 1
61 48 1
62 48 1
63 48 1
64 48 84
65 48 85
66 48 86
67 48 87
68 48 88
69 48 89
70 48 90
71 48 91
0 49 99
1 49 98
2 49 97
3 49 96
4 49 95
5 49 94
6 49 93
7 49 92
8 49 91
9 49 90
10 49 89
11 49 88
12 49 87
13 49 86
14 49 85
15 49 84
16 49 83
17 49 82
18 49 81
19 49 80
20 49 79
21 49 78
22 49 77
23 49 76
24 49 1
25 49 1
26 49 1
27 49 1
28 49 27
29 49 26
30 49 25
31 49 24
32 49 23
33 49 22
34 49 21
35 49 20
36 49 19
37 49 18
38 49 17
39 49 16
40 49 15
41 49 14
42 49 13
43 49 12
44 49 11
45 49 10
46 49 9
47 49 8
48 49 7
49 49 6
50 49 5
51 49 4
52 49 4
53 49 5
54 49 6
55 49 7
56 49 8
57 49 9
58 49 10
59 49 11
60 49 1
61 49 1
62 49 1
63 49 1
64 49 85
65 49 86
66 49 87
67 49 88
68 49 89
69 49 90
70 49 91
71 49 92
0 50 100
1 50 99
2 50 98
3 50 97
4 50 96
5 50 95
6 50 94
7 50 93
8 50 92
9 50 91
10 50 90
11 50 89
12 50 88
13 50 87
14 50 86
15 50 85
16 50 84
17 50 83
18 50 82
19 50 81
20 50 80
21 50 79
22 50 78
23 50 77
24 50 1
25 50 1
26 50 1
27 50 1
28 50 26
29 50 25
30 50 24
31 50 23
32 50 22
33 50 21
34 50 20
35 50 19
36 50 18
37 50 17
38 50 16
39 50 15
40 50 14
41 50 13
42 50 12
43 50 11
44 50 10
45 50 9
46 50 8
47 50 7
48 50 6
49 50 5
50 50 4
51 50 3
52 50 3
53 50 4
54 50 5
55 50 6
56 50 7
57 50 8
58 50 9
59 50 10
60 50 1
61 50 1
62 50 1
63 50 1
64 50 86
65 50 87
66 50 88
67 50 89
68 50 90
69 50 91
70 50 92
71 50 93
0 51 101
1 51 100
2 51 99
3 51 98
4 51 97
5 51 96
6 51 95
7 51 94
8 51 93
9 51 92
10 51 91
11 51 90
12 51 89
13 51 88
14 51 87
15 51 86
16 51 85
17 51 84
18 51 83
19 51 82
20 51 81
21 51 80
22 51 79
23 51 78
24 51 1
25 51 1
26 51 1
27 51 1
28 51 25
29 51 24
30 51 23
31 51 22
32 51 21
33 51 20
34 51 19
35 51 18
36 51 17
37 51 16
38 51 15
39 51 14
40 51 13
41 51 12
42 51 11
43 51 10
44 51 9
45 51 8
46 51 7
47 51 6
48 51 5
49 51 4
50 51 3
51 51 2
52 51 2
53 51 3
54 51 4
55 51 5
56 51 6
57 51 7
58 51 8
59 51 9
60 51 1
61 51 1
62 51 1
63 51 1
64 51 87
65 51 88
66 51 89
67 51 90
68 51 91
69 51 92
70 51 93
71 51 94
0 52 102
1 52 101
2 52 100
3 52 99
4 52 98
5 52 97
6 52 96
7 52 95
8 52 94
9 52 93
10 52 92
11 52 91
12 52 90
13 52 89
14 52 88
15 52 87
16 52 86
17 52 85
18 52 84
19 52 83
20 52 82
21 52 81
22 52 80
23 52 79
24 52 1
25 52 1
26 52 1
27 52 1
28 52 25
29 52 24
30 52 23
31 52 22
32 52 21
33 52 20
34 52 19
35 52 18
36 52 17
37 52 16
38 52 15
39 52 14
40 52 13
41 52 12
42 52 11
43 52 10
44 52 9
45 52 8
46 52 7
47 52 6
48 52 5
49 52 4
50 52 3
51 52 2
52 52 2
53 52 3
54 52 4
55 52 5
56 52 6
57 52 7
58 52 8
59 52 9
60 52 1
61 52 1
62 52 1
63 52 1
64 52 88
65 52 89
66 52 90
67 52 91
68 52 92
69 52 93
70 52 94
71 52 95
0 53 103
1 53 102
2 53 101
3 53 100
4 53 99
5 53 98
6 53 97
7 53 96
8 53 95
9 53 94
10 53 93
11 53 92
12 53 91
13 53 90
14 53 89
15 53 88
16 53 87
17 53 86
18 53 85
19 53 84
20 53 83
21 53 82
22 53 81
23 53 80
24 53 1
25 53 1
26 53 1
27 53 1
28 53 26
29 53 25
30 53 24
31 53 23
32 53 22
33 53 21
34 53 20
35 53 19
36 53 18
37 53 17
38 53 16
39 53 15
40 53 14
41 53 13
42 53 12
43 53 11
44 53 10
45 53 9
46 53 8
47 53 7
48 53 6
49 53 5
50 53 4
51 53 3
52 53 3
53 53 4
54 53 5
55 53 6
56 53 7
57 53 8
58 53 9
59 53 10
60 53 1
61 53 1
62 53 1
63 53 1
64 53 89
65 53 90
66 53 91
67 53 92
68 53 93
69 53 94
70 53 95
71 53 96
0 54 104
1 54 103
2 54 102
3 54 101
4 54 100
5 54 99
6 54 98
7 54 97
8 54 96
9 54 95
10 54 94
11 54 93
12 54 92
13 54 91
14 54 90
15 54 89
16 54 88
17 54 87
18 54 86
19 54 85
20 54 84
21 54 83
22 54 82
23 54 81
24 54 1
25 54 1
26 54 1
27 54 1
28 54 27
29 54 26
30 54 25
31 54 24
32 54 23
33 54 22
34 54 21
35 54 20
36 54 19
37 54 18
38 54 17
39 54 16
40 54 15
41 54 14
42 54 13
43 54 12
44 54 11
45 54 10
46 54 9
47 54 8
48 54 7
49 54 6
50 54 5
51 54 4
52 54 4
53 54 5
54 54 6
55 54 7
56 54 8
57 54 9
58 54 10
59 54 11
60 54 1
61 54 1
62 54 1
63 54 1
64 54 90
65 54 91
66 54 92
67 54 93
68 54 94
69 54 95
70 54 96
71 54 97
0 55 105
1 55 104
2 55 103
3 55 102
4 55 101
5 55 100
6 55 99
7 55 98
8 55 97
9 55 96
10 55 95
11 55 94
12 55 93
13 55 92
14 55 91
15 55 90
16 55 89
17 55 88
18 55 87
19 55 86
20 55 85
21 55 84
22 55 83
23 55 82
24 55 1
25 55 1
26 55 1
27 55 1
28 55 28
29 55 27
30 55 26
31 55 25
32 55 24
33 55 23
34 55 22
35 55 21
36 55 20
37 55 19
38 55 18
39 55 17
40 55 16
41 55 15
42 55 14
43 55 13
44 55 12
45 55 11
46 55 10
47 55 9
48 55 8
49 55 7
50 55 6
51 55 5
52 55 5
53 55 6
54 55 7
55 55 8
56 55 9
57 55 10
58 55 11
59 55 12
60 55 1
61 55 1
62 55 1
63 55 1
64 55 91
65 55 92
66 55 93
67 55 94
68 55 95
69 55 96
70 55 97
71 55 98
0 56 106
1 56 105
2 56 104
3 56 103
4 56 102
5 56 101
6 56 100
7 56 99
8 56 98
9 56 97
10 56 96
11 56 95
12 56 94
13 56 93
14 56 92
15 56 91
16 56 90
17 56 89
18 56 88
19 56 87
20 56 86
21 56 85
22 56 84
23 56 83
24 56 1
25 56 1
26 56 1
27 56 1
28 56 29
29 56 28
30 56 27
31 56 26
32 56 25
33 56 24
34 56 23
35 56 22
36 56 21
37 56 20
38 56 19
39 56 18
40 56 17
41 56 16
42 56 15
43 56 14
44 56 13
45 56 12
46 56 11
47 56 10
48 56 9
49 56 8
50 56 7
51 56 6
52 56 6
53 56 7
54 56 8
55 56 9
56 56 10
57 56 11
58 56 12
59 56 13
60 56 1
61 56 1
62 56 1
63 56 1
64 56 92
65 56 93
66 56 94
67 56 95
68 56 96
69 56 97
70 56 98
71 56 99
0 57 107
1 57 106
2 57 105
3 57 104
4 57 103
5 57 102
6 57 101
7 57 100
8 57 99
9 57 98
10 57 97
11 57 96
12 57 95
13 57 94
14 57 93
15 57 92
16 57 91
17 57 90
18 57 89
19 57 88
20 57 87
21 57 86
22 57 85
23 57 84
24 57 1
25 57 1
26 57 1
27 57 1
28 57 30
29 57 29
30 57 28
31 57 27
32 57 26
33 57 25
34 57 24
35 57 23
36 57 22
37 57 21
38 57 20
39 57 19
40 57 18
41 57 17
42 57 16
43 57 15
44 57 14
45 57 13
46 57 12
47 57 11
48 57 10
49 57 9
50 57 8
51 57 7
52 57 7
53 57 8
54 57 9
55 57 10
56 57 11
57 57 12
58 57 13
59 57 14
60 57 1
61 57 1
62 57 1
63 57 1
64 57 93
65 57 94
66 57 95
67 57 96
68 57 97
69 57 98
70 57 99
71 57 100
0 58 108
1 58 107
2 58 106
3 58 105
4 58 104
5 58 103
6 58 102
7 58 101
8 58 100
9 58 99
10 58 98
11 58 97
12 58 96
13 58 95
14 58 94
15 58 93
16 58 92
17 58 91
18 58 90
19 58 89
20 58 88
21 58 87
22 58 86
23 58 85
24 58 1
25 58 1
26 58 1
27 58 1
28 58 31
29 58 30
30 58 29
31 58 28
32 58 27
33 58 26
34 58 25
35 58 24
36 58 23
37 58 22
38 58 21
39 58 20
40 58 19
41 58 18
42 58 17
43 58 16
44 58 15
45 58 14
46 58 13
47 58 12
48 58 11
49 58 10
50 58 9
51 58 8
52 58 8
53 58 9
54 58 10
55 58 11
56 58 12
57 58 13
58 58 14
59 58 15
60 58 1
61 58 1
62 58 1
63 58 1
64 58 94
65 58 95
66 58 96
67 58 97
68 58 98
69 58 99
70 58 100
71 58 101
0 59 109
1 59 108
2 59 107
3 59 106
4 59 105
5 59 104
6 59 103
7 59 102
8 59 101
9 59 100
10 59 99
11 59 98
12 59 97
13 59 96
14 59 95
15 59 94
16 59 93
17 59 92
18 59 91
19 59 90
20 59 89
21 59 88
22 59 87
23 59 86
24 59 1
25 59 1
26 59 1
27 59 1
28 59 32
29 59 31
30 59 30
31 59 29
32 59 28
33 59 27
34 59 26
35 59 25
36 59 24
37 59 23
38 59 22
39 59 21
40 59 20
41 59 19
42 59 18
43 59 17
44 59 16
45 59 15
46 59 14
47 59 13
48 59 12
49 59 11
50 59 10
51 59 9
52 59 9
53 59 10
54 59 11
55 59 12
56 59 13
57 59 14
58 59 15
59 59 16
60 59 1
61 59 1
62 59 1
63 59 1
64 59 95
65 59 96
66 59 97
67 59 98
68 59 99
69 59 100
70 59 101
71 59 102
0 60 110
1 60 109
2 60 108
3 60 107
4 60 106
5 60 105
6 60 104
7 60 103
8 60 102
9 60 101
10 60 100
11 60 99
12 60 98
13 60 97
14 60 96
15 60 95
16 60 94
17 60 93
18 60 92
19 60 91
20 60 90
21 60 89
22 60 88
23 60 87
24 60 1
25 60 1
26 60 1
27 60 1
28 60 1
29 60 1
30 60 1
31 60 1
32 60 1
33 60 1
34 60 1
35 60 1
36 60 1
37 60 1
38 60 1
39 60 1
40 60 1
41 60 1
42 60 1
43 60 1
44 60 1
45 60 1
46 60 1
47 60 1
48 60 1
49 60 1
50 60 1
51 60 1
52 60 1
53 60 1
54 60 1
55 60 1
56 60 1
57 60 1
58 60 1
59 60 1
60 60 1
61 60 1
62 60 1
63 60 1
64 60 96
65 60 97
66 60 98
67 60 99
68 60 100
69 60 101
70 60 102
71 60 103
0 61 111
1 61 110
2 61 109
3 61 108
4 61 107
5 61 106
6 61 105
7 61 104
8 61 103
9 61 102
10 61 101
11 61 100
12 61 99
13 61 98
14 61 97
15 61 96
16 61 95
17 61 94
18 61 93
19 61 92
20 61 91
21 61 90
22 61 89
23 61 88
24 61 1
25 61 1
26 61 1
27 61 1
28 61 1
29 61 1
30 61 1
31 61 1
32 61 1
33 61 1
34 61 1
35 61 1
36 61 1
37 61 1
38 61 1
39 61 1
40 61 1
41 61 1
42 61 1
43 61 1
44 61 1
45 61 1
46 61 1
47 61 1
48 61 1
49 61 1
50 61 1
51 61 1
52 61 1
53 61 1
54 61 1
55 61 1
56 61 1
57 61 1
58 61 1
59 61 1
60 61 1
61 61 1
62 61 1
63 61 1
64 61 97
65 61 98
66 61 99
67 61 100
68 61 101
69 61 102
70 61 103
71 61 104
0 62 112
1 62 111
2 62 110
3 62 109
4 62 108
5 62 107
6 62 106
7 62 105
8 62 104
9 62 103
10 62 102
11 62 101
12 62 100
13 62 99
14 62 98
15 62 97
16 62 96
17 62 95
18 62 94
19 62 93
20 62 92
21 62 91
22 62 90
23 62 89
24 62 1
25 62 1
26 62 1
27 62 1
28 62 1
29 62 1
30 62 1
31 62 1
32 62 1
33 62 1
34 62 1
35 62 1
36 62 1
37 62 1
38 62 1
39 62 1
40 62 1
41 62 1
42 62 1
43 62 1
44 62 1
45 62 1
46 62 1
47 62 1
48 62 1
49 62 1
50 62 1
51 62 1
52 62 1
53 62 1
54 62 1
55 62 1
56 62 1
57 62 1
58 62 1
59 62 1
60 62 1
61 62 1
62 62 1
63 62 1
64 62 98
65 62 99
66 62 100
67 62 101
68 62 102
69 62 103
70 62 104
71 62 105
0 63 113
1 63 112
2 63 111
3 63 110
4 63 109
5 63 108
6 63 107
7 63 106
8 63 105
9 63 104
10 63 103
11 63 102
12 63 101
13 63 100
14 63 99
15 63 98
16 63 97
17 63 96
18 63 95
19 63 94
20 63 93
21 63 92
22 63 91
23 63 90
24 63 1
25 63 1
26 63 1
27 63 1
28 63 1
29 63 1
30 63 1
31 63 1
32 63 1
33 63 1
34 63 1
35 63 1
36 63 1
37 63 1
38 63 1
39 63 1
40 63 1
41 63 1
42 63 1
43 63 1
44 63 1
45 63 1
46 63 1
47 63 1
48 63 1
49 63 1
50 63 1
51 63 1
52 63 1
53 63 1
54 63 1
55 63 1
56 63 1
57 63 1
58 63 1
59 63 1
60 63 1
61 63 1
62 63 1
63 63 1
64 63 99
65 63 100
66 63 101
67 63 102
68 63 103
69 63 104
70 63 105
71 63 106
0 64 114
1 64 113
2 64 112
3 64 111
4 64 110
5 64 109
6 64 108
7 64 107
8 64 106
9 64 105
10 64 104
11 64 103
12 64 102
13 64 101
14 64 100
15 64 99
16 64 98
17 64 97
18 64 96
19 64 95
20 64 94
21 64 93
22 64 92
23 64 91
24 64 92
25 64 93
26 64 94
27 64 95
28 64 96
29 64 97
30 64 98
31 64 99
32 64 100
33 64 101
34 64 102
35 64 103
36 64 104
37 64 105
38 64 106
39 64 107
40 64 108
41 64 109
42 64 110
43 64 111
44 64 112
45 64 113
46 64 114
47 64 115
48 64 116
49 64 115
50 64 114
51 64 113
52 64 112
53 64 111
54 64 110
55 64 109
56 64 108
57 64 107
58 64 106
59 64 105
60 64 104
61 64 103
62 64 102
63 64 101
64 64 100
65 64 101
66 64 102
67 64 103
68 64 104
69 64 105
70 64 106
71 64 107
0 65 115
1 65 114
2 65 113
3 65 112
4 65 111
5 65 110
6 65 109
7 65 108
8 65 107
9 65 106
10 65 105
11 65 104
12 65 103
13 65 102
14 65 101
15 65 100
16 65 99
17 65 98
18 65 97
19 65 96
20 65 95
21 65 94
22 65 93
23 65 92
24 65 93
25 65 94
26 65 95
27 65 96
28 65 97
29 65 98
30 65 99
31 65 100
32 65 101
33 65 102
34 65 103
35 65 104
36 65 105
37 65 106
38 65 107
39 65 108
40 65 109
41 65 110
42 65 111
43 65 112
44 65 113
45 65 114
46 65 115
47 65 116
48 65 117
49 65 116
50 65 115
51 65 114
52 65 113
53 65 112
54 65 111
55 65 110
56 65 109
57 65 108
58 65 107
59 65 106
60 65 105
61 65 104
62 65 103
63 65 102
64 65 101
65 65 102
66 65 103
67 65 104
68 65 105
69 65 106
70 65 107
71 65 108
0 66 116
1 66 115
2 66 114
3 66 113
4 66 112
5 66 111
6 66 110
7 66 109
8 66 108
9 66 107
10 66 106
11 66 105
12 66 104
13 66 103
14 66 102
15 66 101
16 66 100
17 66 99
18 66 98
19 66 97
20 66 96
21 66 95
22 66 94
23 66 93
24 66 94
25 66 95
26 66 96
27 66 97
28 66 98
29 66 99
30 66 100
31 66 101
32 66 102
33 66 103
34 66 104
35 66 105
36 66 106
37 66 107
38 66 108
39 66 109
40 66 110
41 66 111
42 66 112
43 66 113
44 66 114
45 66 115
46 66 116
47 66 117
48 66 118
49 66 117
50 66 116
51 66 115
52 66 114
53 66 113
54 66 112
55 66 111
56 66 110
57 66 109
58 66 108
59 66 107
60 66 106
61 66 105
62 66 104
63 66 103
64 66 102
65 66 103
66 66 104
67 66 105
68 66 106
69 66 107
70 66 108
71 66 109
0 67 117
1 67 116
2 67 115
3 67 114
4 67 113
5 67 112
6 67 111
7 67 110
8 67 109
9 67 108
10 67 107
11 67 106
12 67 105
13 67 104
14 67 103
15 67 102
16 67 101
17 67 100
18 67 99
19 67 98
20 67 97
21 67 96
22 67 95
23 67 94
24 67 95
25 67 96
26 67 97
27 67 98
28 67 99
29 67 100
30 67 101
31 67 102
32 67 103
33 67 104
34 67 105
35 67 106
36 67 107
37 67 108
38 67 109
39 67 110
40 67 111
41 67 112
42 67 113
43 67 114
44 67 115
45 67 116
46 67 117
47 67 118
48 67 119
49 67 118
50 67 117
51 67 116
52 67 115
53 67 114
54 67 113
55 67 112
56 67 111
57 67 110
58 67 109
59 67 108
60 67 107
61 67 106
62 67 105
63 67 104
64 67 103
65 67 104
66 67 105
67 67 106
68 67 107
69 67 108
70 67 109
71 67 110
0 68 118
1 68 117
2 68 116
3 68 115
4 68 114
5 68 113
6 68 112
7 68 111
8 68 110
9 68 109
10 68 108
11 68 107
12 68 106
13 68 105
14 68 104
15 68 103
16 68 102
17 68 101
18 68 100
19 68 99
20 68 98
21 68 97
22 68 96
23 68 95
24 68 96
25 68 97
26 68 98
27 68 99
28 68 100
29 68 101
30 68 102
31 68 103
32 68 104
33 68 105
34 68 106
35 68 107
36 68 108
37 68 109
38 68 110
39 68 111
40 68 112
41 68 113
42 68 114
43 68 115
44 68 116
45 68 117
46 68 118
47 68 119
48 68 120
49 68 119
50 68 118
51 68 117
52 68 116
53 68 115
54 68 114
55 68 113
56 68 112
57 68 111
58 68 110
59 68 109
60 68 108
61 68 107
62 68 106
63 68 105
64 68 104
65 68 105
66 68 106
67 68 107
68 68 108
69 68 109
70 68 110
71 68 111
0 69 119
1 69 118
2 69 117
3 69 116
4 69 115
5 69 114
6 69 113
7 69 112
8 69 111
9 69 110
10 69 109
11 69 108
12 69 107
13 69 106
14 69 105
15 69 104
16 69 103
17 69 102
18 69 101
19 69 100
20 69 99
21 69 98
22 69 97
23 69 96
24 69 97
25 69 98
26 69 99
27 69 100
28 69 101
29 69 102
30 69 103
31 69 104
32 69 105
33 69 106
34 69 107
35 69 108
36 69 109
37 69 110
38 69 111
39 69 112
40 69 113
41 69 114
42 69 115
43 69 116
44 69 117
45 69 118
46 69 119
47 69 120
48 69 121
49 69 120
50 69 119
51 69 118
52 69 117
53 69 116
54 69 115
55 69 114
56 69 113
57 69 112
58 69 111
59 69 110
60 69 109
61 69 108
62 69 107
63 69 106
64 69 105
65 69 106
66 69 107
67 69 108
68 69 109
69 69 110
70 69 111
71 69 112
0 70 120
1 70 119
2 70 118
3 70 117
4 70 116
5 70 115
6 70 114
7 70 113
8 70 112
9 70 111
10 70 110
11 70 109
12 70 108
13 70 107
14 70 106
15 70 105
16 70 104
17 70 103
18 70 102
19 70 101
20 70 100
21 70 99
22 70 98
23 70 97
24 70 98
25 70 99
26 70 100
27 70 101
28 70 102
29 70 103
30 70 104
31 70 105
32 70 106
33 70 107
34 70 108
35 70 109
36 70 110
37 70 111
38 70 112
39 70 113
40 70 114
41 70 115
42 70 116
43 70 117
44 70 118
45 70 119
46 70 120
47 70 121
48 70 122
49 70 121
50 70 120
51 70 119
52 70 118
53 70 117
54 70 116
55 70 115
56 70 114
57 70 113
58 70 112
59 70 111
60 70 110
61 70 109
62 70 108
63 70 107
64 70 106
65 70 107
66 70 108
67 70 109
68 70 110
69 70 111
70 70 112
71 70 113
0 71 121
1 71 120
2 71 119
3 71 118
4 71 117
5 71 116
6 71 115
7 71 114
8 71 113
9 71 112
10 71 111
11 71 110
12 71 109
13 71 108
14 71 107
15 71 106
16 71 105
17 71 104
18 71 103
19 71 102
20 71 101
21 71 100
22 71 99
23 71 98
24 71 99
25 71 100
26 71 101
27 71 102
28 71 103
29 71 104
30 71 105
31 71 106
32 71 107
33 71 108
34 71 109
35 71 110
36 71 111
37 71 112
38 71 113
39 71 114
40 71 115
41 71 116
42 71 117
43 71 118
44 71 119
45 71 120
46 71 121
47 71 122
48 71 123
49 71 122
50 71 121
51 71 120
52 71 119
53 71 118
54 71 117
55 71 116
56 71 115
57 71 114
58 71 113
59 71 112
60 71 111
61 71 110
62 71 109
63 71 108
64 71 107
65 71 108
66 71 109
67 71 110
68 71 111
69 71 112
70 71 113
71 71 114
