0 0
1 0
2 0
0 0
0.999111 0.0421565
1.99822 0.0843131
0 0
0.996446 0.0842381
1.99289 0.168476
0 0
0.992009 0.12617
1.98402 0.25234
0 0
0.985808 0.167877
1.97162 0.335755
0 0
0.977854 0.209286
1.95571 0.418573
0 0
0.968162 0.250323
1.93632 0.500647
0 0
0.956749 0.290915
1.9135 0.58183
0 0
0.943634 0.33099
1.88727 0.661979
0 0
0.943634 0.33099
1.87248 0.701466
0 0
0.943634 0.33099
1.85603 0.740293
0 0
0.943634 0.33099
1.83797 0.778393
0 0
0.943634 0.33099
1.81831 0.815697
0 0
0.943634 0.33099
1.7971 0.852139
0 0
0.943634 0.33099
1.77437 0.887655
0 0
0.943634 0.33099
1.75017 0.922181
0 0
0.943634 0.33099
1.72453 0.955656
0 0
0.943634 0.33099
1.6975 0.988021
0 0
0.943634 0.33099
1.66913 1.01922
0 0
0.943634 0.33099
1.63947 1.04919
0 0
0.943634 0.33099
1.60858 1.07789
0 0
0.943634 0.33099
1.5765 1.10525
0 0
0.943634 0.33099
1.5433 1.13124
0 0
0.943634 0.33099
1.50903 1.15581
0 0
0.943634 0.33099
1.47375 1.17891
0 0
0.943634 0.33099
1.43754 1.20051
0 0
0.943634 0.33099
1.40044 1.22056
0 0
0.943634 0.33099
1.36253 1.23902
0 0
0.943634 0.33099
1.32388 1.25587
0 0
0.943634 0.33099
1.28455 1.27108
0 0
0.943634 0.33099
1.24462 1.28462
0 0
0.943634 0.33099
1.20415 1.29646
0 0
0.943634 0.33099
1.16322 1.30658
0 0
0.943634 0.33099
1.12189 1.31497
0 0
0.943634 0.33099
1.08026 1.32161
0 0
0.943634 0.33099
1.03837 1.32649
0 0
0.943634 0.33099
0.996321 1.3296
0 0
0.943634 0.33099
0.954176 1.33093
0 0
0.943634 0.33099
0.912013 1.33049
0 0
0.943634 0.33099
0.869906 1.32827
0 0
0.943634 0.33099
0.827929 1.32427
0 0
0.943634 0.33099
0.786159 1.31851
0 0
0.943634 0.33099
0.744668 1.311
0 0
0.943634 0.33099
0.703531 1.30174
0 0
0.943634 0.33099
0.662821 1.29075
0 0
0.943634 0.33099
0.622611 1.27806
0 0
0.943634 0.33099
0.582971 1.26369
0 0
0.943634 0.33099
0.543972 1.24765
0 0
0.943634 0.33099
0.505684 1.22999
0 0
0.943634 0.33099
0.468175 1.21073
0 0
0.943634 0.33099
0.431511 1.1899
0 0
0.943634 0.33099
0.395758 1.16755
0 0
0.943634 0.33099
0.360978 1.14371
0 0
0.943634 0.33099
0.327235 1.11842
0 0
0.943634 0.33099
0.294587 1.09174
0 0
0.943634 0.33099
0.263094 1.0637
0 0
0.928842 0.370476
0.218018 1.07385
0 0
0.912398 0.409303
0.172554 1.08208
0 0
0.894332 0.447403
0.126784 1.08839
0 0
0.874676 0.484707
0.0807886 1.09277
0 0
0.853465 0.52115
0.0346494 1.09521
0 0
0.830737 0.556665
-0.0115515 1.09569
0 0
0.806531 0.591192
-0.0577318 1.09423
0 0
0.780892 0.624667
-0.10381 1.09083
0 0
0.753864 0.657031
-0.149703 1.08548
0 0
0.725495 0.688227
-0.19533 1.0782
0 0
0.695837 0.7182
-0.240609 1.06901
0 0
0.664942 0.746895
-0.285461 1.05792
0 0
0.664942 0.746895
-0.271505 1.09771
0 0
0.632864 0.774263
-0.317539 1.08528
0 0
0.599661 0.800254
-0.363008 1.07093
0 0
0.599661 0.800254
-0.350742 1.11128
0 0
0.565392 0.824822
-0.397277 1.0955
0 0
0.565392 0.824822
-0.385011 1.13584
0 0
0.530118 0.847924
-0.432552 1.1186
0 0
0.493901 0.869518
-0.479324 1.09937
0 0
0.493901 0.869518
-0.468768 1.1402
0 0
0.456806 0.889566
-0.516418 1.11942
0 0
0.456806 0.889566
-0.505863 1.16025
0 0
0.418899 0.908033
-0.554326 1.13789
0 0
0.418899 0.908033
-0.54377 1.17871
0 0
0.380247 0.924885
-0.592978 1.15474
0 0
0.340919 0.940093
-0.64113 1.12872
0 0
0.340919 0.940093
-0.632305 1.16995
0 0
0.300985 0.953629
-0.681064 1.14225
0 0
0.300985 0.953629
-0.67224 1.18348
0 0
0.260516 0.96547
-0.721534 1.15409
0 0
0.260516 0.96547
-0.712709 1.19533
0 0
0.219583 0.975594
-0.762466 1.16422
0 0
0.219583 0.975594
-0.753641 1.20545
0 0
0.178261 0.983983
-0.803789 1.17261
0 0
0.178261 0.983983
-0.794964 1.21384
0 0
0.136621 0.990623
-0.845429 1.17925
0 0
0.136621 0.990623
-0.836604 1.22048
0 0
0.136621 0.990623
-0.826049 1.2613
0 0
0.094738 0.995502
-0.878487 1.22536
0 0
0.094738 0.995502
-0.867932 1.26618
0 0
0.0526869 0.998611
-0.920538 1.22847
0 0
0.0526869 0.998611
-0.909983 1.26929
0 0
0.0526869 0.998611
-0.897716 1.30963
0 0
0.0105421 0.999944
-0.952127 1.27062
0 0
0.0105421 0.999944
-0.939861 1.31097
0 0
0.0105421 0.999944
-0.925904 1.35076
0 0
-0.0316215 0.9995
-0.982024 1.31052
0 0
-0.0316215 0.9995
-0.968068 1.35031
0 0
-0.0316215 0.9995
-0.952446 1.38948
0 0
-0.0737288 0.997278
-1.01018 1.34809
0 0
-0.0737288 0.997278
-0.994554 1.38725
0 0
-0.0737288 0.997278
-0.977295 1.42573
0 0
-0.0737288 0.997278
-0.95843 1.46344
0 0
-0.0737288 0.997278
-0.937992 1.50032
0 0
-0.115705 0.993284
-1.00041 1.45944
0 0
-0.115705 0.993284
-0.979968 1.49632
0 0
-0.115705 0.993284
-0.957993 1.53231
0 0
-0.115705 0.993284
-0.934521 1.56734
0 0
-0.115705 0.993284
-0.909593 1.60135
0 0
-0.157476 0.987523
-0.976292 1.56158
0 0
-0.157476 0.987523
-0.951363 1.59559
0 0
-0.157476 0.987523
-0.925024 1.62851
0 0
-0.157476 0.987523
-0.89732 1.6603
0 0
-0.157476 0.987523
-0.8683 1.69089
0 0
-0.157476 0.987523
-0.838016 1.72023
0 0
-0.157476 0.987523
-0.806523 1.74827
0 0
-0.198966 0.980006
-0.879507 1.71272
0 0
-0.198966 0.980006
-0.848013 1.74075
0 0
-0.198966 0.980006
-0.815366 1.76744
0 0
-0.198966 0.980006
-0.781622 1.79273
0 0
-0.198966 0.980006
-0.746843 1.81657
0 0
-0.198966 0.980006
-0.71109 1.83892
0 0
-0.198966 0.980006
-0.674426 1.85974
0 0
-0.198966 0.980006
-0.636916 1.87901
0 0
-0.198966 0.980006
-0.598628 1.89667
0 0
-0.240103 0.970747
-0.678053 1.86975
0 0
-0.240103 0.970747
-0.639765 1.88741
0 0
-0.240103 0.970747
-0.600766 1.90344
0 0
-0.240103 0.970747
-0.561126 1.91782
0 0
-0.240103 0.970747
-0.520916 1.93051
0 0
-0.240103 0.970747
-0.480206 1.94149
0 0
-0.280813 0.959763
-0.561626 1.91953
0 0
-0.321023 0.947071
-0.642047 1.89414
0 0
-0.360663 0.932696
-0.721327 1.86539
0 0
-0.399662 0.916663
-0.799324 1.83333
0 0
-0.43795 0.898999
-0.8759 1.798
0 0
-0.475459 0.879738
-0.950919 1.75948
0 0
-0.512123 0.858912
-1.02425 1.71782
0 0
-0.547877 0.836559
-1.09575 1.67312
0 0
-0.582656 0.812719
-1.16531 1.62544
0 0
-0.6164 0.787433
-1.2328 1.57487
0 0
-0.649047 0.760748
-1.29809 1.5215
0 0
-0.680541 0.73271
-1.36108 1.46542
0 0
-0.710824 0.70337
-1.42165 1.40674
0 0
-0.739844 0.672779
-1.47969 1.34556
0 0
-0.767548 0.640991
-1.5351 1.28198
0 0
-0.793888 0.608064
-1.58778 1.21613
0 0
-0.818816 0.574056
-1.63763 1.14811
0 0
-0.842288 0.539027
-1.68458 1.07805
0 0
-0.864263 0.50304
-1.72853 1.00608
0 0
-0.884701 0.466159
-1.7694 0.932317
0 0
-0.903566 0.428448
-1.80713 0.856897
0 0
-0.920825 0.389976
-1.84165 0.779952
0 0
-0.936446 0.350811
-1.87289 0.701622
0 0
-0.950403 0.311022
-1.90081 0.622043
0 0
-0.96267 0.270679
-1.92534 0.541359
0 0
-0.973225 0.229856
-1.94645 0.459712
0 0
-0.982049 0.188624
-1.9641 0.377248
0 0
-0.989128 0.147056
-1.97826 0.294113
0 0
-0.994448 0.105227
-1.9889 0.210455
0 0
-0.998 0.0632114
-1.996 0.126423
0 0
-0.999778 0.021083
-1.99956 0.0421659
